116.92,-16.058,2.6369,-7.1706,-20.465,-4.5033,-13.721,7.0555,-7.6276,15.802,4.1259,1.8448,-2.5223,1.0527,1.0726,1.0967,1.1235,1.1541,1.1884,1.227,1.2699,1.3183,1.3725,1.4342,1.5051,1.5871,3.993
112.66,-11.321,2.635,-6.3321,-19.786,-1.8019,-17.34,6.8076,-4.4162,7.11,7.9045,-5.2517,-0.47156,1.0634,1.0844,1.1097,1.1373,1.1686,1.2032,1.2416,1.284,1.3311,1.3835,1.442,1.5076,1.5799,3.993
113.66,-15.691,2.7872,-6.9798,-18.571,-0.63909,-11.856,10.06,-8.6677,10.928,8.2252,-2.7111,-2.394,1.0546,1.0738,1.0951,1.1198,1.1472,1.1783,1.2132,1.253,1.2975,1.3485,1.4064,1.4731,1.551,3.993
118.03,-16.851,2.3524,-6.2289,-15.334,-3.4322,-13.785,1.8112,-6.7966,17.78,3.1153,1.8289,-1.327,1.0612,1.0837,1.1098,1.1395,1.1734,1.2122,1.2564,1.306,1.363,1.4279,1.5015,1.5833,1.6725,3.993
117.73,-13.532,0.77275,-3.3836,-18.176,-4.2786,-21.281,10.407,-3.6321,10.454,6.3515,0.095019,-0.7215,1.0512,1.0701,1.0932,1.1187,1.1482,1.1812,1.218,1.2596,1.3057,1.3576,1.4157,1.4816,1.5568,3.993
113.5,-13.121,0.24585,-4.4878,-18.245,-0.074084,-13.217,15.922,-8.1438,3.2612,-0.80355,6.3406,-6.5244,1.0611,1.0836,1.1084,1.137,1.1694,1.2058,1.2465,1.2927,1.3446,1.4023,1.4654,1.5339,1.6071,3.993
116.68,-17.67,1.2912,-4.5183,-15.943,-4.1562,-12.955,7.307,-7.6494,12.751,8.0625,2.4076,-2.7137,1.0605,1.0809,1.1062,1.1345,1.1669,1.2035,1.2444,1.2902,1.3417,1.3993,1.464,1.5366,1.6159,3.993
114.53,-15.604,2.7088,-7.8612,-15.634,-4.6135,-16.846,8.9947,-5.3152,16.007,2.3238,-1.8201,0.90637,1.054,1.0738,1.0972,1.1242,1.1553,1.1908,1.2308,1.2761,1.3274,1.3856,1.4521,1.5289,1.6178,3.993
111.23,-14.119,3.9797,-4.4765,-19.709,-5.07,-10.194,9.7989,-11.196,8.856,4.1266,-4.8199,3.1701,1.0543,1.0733,1.0956,1.1213,1.1506,1.1836,1.2208,1.2626,1.3095,1.3622,1.4224,1.4913,1.5708,3.993
117.44,-16.089,1.594,-9.0404,-19.368,-3.0993,-14.697,6.5311,-3.9642,12.978,3.2584,-4.5194,0.96236,1.056,1.0764,1.101,1.1284,1.1603,1.1951,1.2349,1.2792,1.3288,1.3848,1.4479,1.5187,1.5983,3.993
118.23,-15.375,0.95228,-7.6071,-16.858,-3.2802,-14.981,7.2763,-3.6637,12.712,1.3613,-1.6301,-1.6496,1.0486,1.0679,1.0901,1.1157,1.1446,1.1772,1.2139,1.2552,1.3017,1.3543,1.4135,1.4809,1.5577,3.993
113.25,-13.009,0.43871,-4.0221,-16.943,1.7699,-18.761,9.722,-0.23222,10.142,7.6262,-7.9632,-1.7864,1.0619,1.0824,1.1067,1.134,1.165,1.1992,1.2383,1.2817,1.3305,1.3852,1.4473,1.5183,1.5997,3.993
113.64,-15.584,1.0698,-4.8011,-16.759,-3.2852,-15.619,9.4841,-5.9882,12.157,5.7102,3.4606,0.88683,1.0593,1.0817,1.107,1.1369,1.1706,1.2095,1.2533,1.3029,1.3589,1.4215,1.4911,1.568,1.6512,3.993
115.85,-17.796,3.2013,-3.0915,-13.709,-3.6645,-16.136,2.2485,-8.3597,14.735,5.0163,2.0821,1.2017,1.0573,1.076,1.0977,1.1233,1.1521,1.1853,1.2221,1.2641,1.3109,1.364,1.4241,1.4931,1.5729,3.993
114.39,-14.671,1.648,-5.1942,-16.748,-2.0305,-18.344,13.887,-7.466,7.5743,12.234,3.6495,-7.7902,1.0598,1.082,1.108,1.1367,1.1693,1.2062,1.2476,1.2931,1.3439,1.4004,1.4633,1.5335,1.6094,3.993
116.61,-15.422,2.2992,-5.7871,-18.462,-4.5368,-14.623,5.3824,-5.076,15.023,2.5654,4.017,-2.7891,1.053,1.0738,1.0977,1.1252,1.1561,1.191,1.2304,1.2742,1.3238,1.3791,1.4419,1.5131,1.5935,4.1179
113.04,-11.006,4.4017,-6.1977,-20.687,-3.2783,-13.119,8.9867,-5.9977,5.0372,10.224,-5.1763,-2.0624,1.0599,1.0803,1.1035,1.1299,1.1595,1.1926,1.2292,1.2701,1.3156,1.3666,1.4237,1.4873,1.5564,4.1179
114.52,-16.146,3.2894,-7.1267,-16.046,-1.9973,-13.833,11.104,-1.9889,10.719,-0.067995,-1.1875,0.60593,1.0561,1.0761,1.098,1.1236,1.1516,1.1836,1.2192,1.2595,1.3045,1.3556,1.4136,1.4803,1.5572,4.1179
119.14,-16.474,1.2984,-5.9907,-14.69,-4.5054,-13.915,7.3815,-1.8024,15.454,0.097884,2.2162,1.0655,1.0625,1.0851,1.1114,1.1418,1.1769,1.2169,1.2625,1.3139,1.3729,1.4404,1.5175,1.604,1.698,4.1179
117.84,-14.049,0.56799,-5.0574,-22.561,-1.7463,-17.58,10.35,-6.5539,10.4,7.2848,1.0183,-1.0483,1.0518,1.0722,1.0946,1.1211,1.1502,1.1834,1.2204,1.2621,1.3081,1.3599,1.418,1.4838,1.5589,4.1179
111.38,-14.266,2.9229,-2.2185,-20.032,-2.7787,-14.934,15.968,-6.5075,2.2491,-0.49432,5.3873,-2.4754,1.0603,1.0804,1.1048,1.1319,1.163,1.1979,1.2366,1.28,1.329,1.3841,1.4462,1.5161,1.5945,4.1179
116.66,-19.171,0.97168,-5.4044,-18.133,-6.6006,-16.388,9.2076,-5.6874,8.9555,3.6248,0.39059,5.2902,1.056,1.0755,1.0989,1.1252,1.1554,1.1897,1.2281,1.2712,1.3198,1.3748,1.4369,1.5065,1.5844,4.1179
114.81,-15.851,3.7292,-3.826,-15.818,-3.6884,-16.448,10.221,-6.4083,12.404,10.252,1.2949,-6.5184,1.0536,1.0741,1.0972,1.1245,1.155,1.1898,1.2288,1.2729,1.3225,1.3788,1.4426,1.5163,1.6015,4.1179
111.12,-12.839,4.7528,-3.8238,-15.306,-1.1861,-15.844,11.889,-13.113,6.229,9.364,-2.4177,-3.3323,1.0526,1.0712,1.0927,1.1179,1.1467,1.1797,1.2166,1.2584,1.3054,1.3588,1.4202,1.4913,1.5755,4.1179
117.61,-15.989,3.0155,-6.2745,-17.195,-5.8399,-14.772,8.6145,-4.175,11.048,1.9808,-4.1554,-1.1969,1.0564,1.0788,1.1043,1.1341,1.1681,1.2069,1.2508,1.3008,1.3575,1.4214,1.4937,1.5746,1.6619,4.1179
118.39,-15.364,2.3094,-7.3389,-15.96,-2.156,-13.256,3.9885,-4.0674,13.904,1.9046,-3.0262,-1.7778,1.0479,1.0673,1.0889,1.1142,1.1426,1.1747,1.2109,1.2514,1.2966,1.3474,1.4047,1.4694,1.5437,4.1179
114.61,-13.614,-0.92056,-4.9363,-18.977,-0.18781,-18.417,12.148,-2.1181,7.2942,9.051,-5.9069,-5.0778,1.0522,1.073,1.0966,1.124,1.1548,1.1892,1.2281,1.2717,1.3205,1.3753,1.4367,1.5055,1.5827,4.1179
113.29,-15.449,1.09,-4.8372,-19.448,-4.5209,-13.917,10.809,-1.1724,9.8773,-0.6411,0.81771,-0.97846,1.0624,1.0839,1.1098,1.139,1.1726,1.211,1.2538,1.3015,1.3545,1.4136,1.4784,1.5493,1.6262,4.1179
116.12,-17.302,2.465,-5.484,-19.142,-5.4471,-13.577,2.7474,-9.8037,12.305,0.88358,-2.2475,-0.46708,1.0639,1.0832,1.1065,1.1338,1.1649,1.1993,1.239,1.2836,1.3338,1.3907,1.4554,1.5293,1.6138,4.1179
114.89,-13.335,1.8602,-6.3337,-13.834,-1.9507,-21.06,12.368,-4.5405,12.774,7.9968,-3.0597,-6.4018,1.0523,1.0722,1.0952,1.1225,1.1533,1.1888,1.2283,1.2726,1.3221,1.3767,1.4376,1.5052,1.5807,4.1179
118.13,-15.197,1.3642,-4.5939,-15.361,-2.1967,-15.228,4.2818,-5.823,12.375,3.6346,3.2072,-3.1072,1.0546,1.074,1.0977,1.1238,1.1543,1.1884,1.227,1.2699,1.3185,1.3732,1.4353,1.5055,1.5837,3.8479
113.52,-11.462,1.2254,-5.0871,-18.333,-1.6764,-19.032,8.1017,-2.0146,7.4001,7.8786,-4.7557,-0.36732,1.0556,1.0752,1.097,1.1223,1.1501,1.1816,1.216,1.2546,1.2973,1.3451,1.3987,1.4593,1.5282,3.8479
113.44,-16.49,-0.23845,-7.9616,-19.036,-6.0044,-14.321,12.318,-1.9813,14.453,0.93077,-0.2953,-3.0521,1.0622,1.0814,1.1039,1.1289,1.1576,1.1895,1.2258,1.2659,1.3111,1.3619,1.4191,1.4837,1.5572,3.8479
118.5,-16.843,-0.23884,-8.1171,-17.611,-5.8797,-13.311,5.9383,-3.657,13.37,-0.32872,3.6522,1.9322,1.0613,1.0838,1.1105,1.1412,1.1767,1.2167,1.2627,1.3142,1.3729,1.4392,1.5132,1.5947,1.6824,3.8479
115.94,-14.166,1.6649,-6.6148,-18.953,-3.6692,-18.021,13.104,-1.3575,11.236,5.1655,-1.122,2.3283,1.0513,1.0707,1.0935,1.1197,1.1494,1.1827,1.2201,1.262,1.309,1.3615,1.4209,1.4883,1.5656,3.8479
112.87,-12.919,0.56692,-4.4825,-14.844,0.73104,-16.548,11.945,-1.3781,10.138,-3.4858,-3.5879,-2.1716,1.0679,1.0912,1.117,1.1466,1.1793,1.2169,1.2589,1.3058,1.3571,1.4139,1.4763,1.5446,1.6177,3.8479
118.1,-16.548,2.0085,-7.6395,-17.568,0.27834,-13.006,5.9176,-4.3305,14.877,3.8449,-4.5041,1.3595,1.052,1.0719,1.095,1.1219,1.1525,1.1872,1.2263,1.2703,1.3197,1.3754,1.4385,1.5104,1.5905,3.8479
114.96,-15.419,4.1889,-6.1542,-15.882,-1.312,-13.618,10.798,-6.0463,13.746,8.753,1.1968,-2.6441,1.0563,1.0775,1.102,1.1296,1.1607,1.1958,1.2351,1.2792,1.3287,1.3845,1.4482,1.5224,1.61,3.8479
111.51,-14.823,3.8923,-0.95797,-16.695,-4.9783,-14.993,12.705,-6.5094,8.2771,6.7824,-5.7646,-0.28208,1.0494,1.0678,1.0895,1.1141,1.1426,1.1745,1.2108,1.2518,1.298,1.3504,1.4104,1.4796,1.5613,3.8479
117.62,-16.677,1.3281,-8.7554,-18.358,-4.8678,-14.694,5.8639,-5.13,12.12,2.3088,-1.9436,0.48253,1.0575,1.0794,1.1055,1.1356,1.1697,1.2089,1.2528,1.3032,1.36,1.4248,1.4978,1.5785,1.6657,3.8479
117.85,-15.874,2.4255,-8.6122,-18.219,-3.2577,-13.385,4.478,-4.6518,13.04,1.1948,-0.27685,1.3596,1.0483,1.0672,1.0887,1.1137,1.1419,1.1739,1.2098,1.2505,1.2961,1.3474,1.405,1.4707,1.5458,3.8479
115.21,-13.296,-0.61436,-4.3749,-20.219,-1.5637,-20.785,14.531,1.3822,7.2454,6.0962,-4.5885,-0.98044,1.0561,1.0763,1.0993,1.1261,1.1564,1.1904,1.2291,1.2724,1.321,1.3752,1.4363,1.5052,1.5834,3.8479
115.18,-14.769,-0.5668,-4.1524,-16.58,-2.7359,-14.834,12.182,-1.2929,11.467,3.7101,0.39191,-6.2877,1.0573,1.0795,1.1047,1.1341,1.167,1.2042,1.2456,1.2915,1.3427,1.3994,1.4619,1.5301,1.6044,3.8479
117.77,-16.155,1.4416,-4.9358,-17.28,-5.0381,-12.398,7.447,-6.3796,12.211,2.7219,-0.76187,-2.5853,1.0557,1.0766,1.1002,1.1279,1.1586,1.1934,1.2324,1.2763,1.3254,1.381,1.4437,1.515,1.595,3.8479
114.32,-12.979,3.591,-5.8414,-17.958,-1.8452,-18.606,16.185,-3.1001,10.186,3.2662,0.39444,-0.51593,1.0557,1.0765,1.0999,1.1279,1.159,1.1954,1.2353,1.2808,1.3313,1.3883,1.4523,1.5248,1.6075,3.8479
117.01,-15.732,1.7704,-4.7886,-17.445,-5.1622,-15.826,4.9864,-6.5935,12.18,2.8644,1.4622,-2.2449,1.0561,1.0764,1.1011,1.1284,1.1599,1.1951,1.2346,1.2782,1.3273,1.3821,1.4438,1.5126,1.5892,3.9151
113.34,-12.972,3.3801,-5.5481,-19.771,-2.4673,-18.685,11.029,-2.6525,7.6778,7.9015,-3.8402,1.1288,1.0549,1.0738,1.0952,1.1198,1.148,1.18,1.2162,1.2566,1.3023,1.3533,1.4105,1.4748,1.5474,3.9151
113.98,-15.031,1.5324,-5.293,-18.807,-3.3737,-12.308,12.633,-3.2401,11.723,4.6574,2.6575,-2.4683,1.0606,1.0802,1.103,1.1283,1.1565,1.1879,1.2231,1.2622,1.3057,1.3542,1.409,1.4716,1.5436,3.9151
117.91,-16.075,0.94865,-5.5115,-16.853,-3.715,-11.874,6.729,-1.0708,15.562,0.0033788,-0.52604,0.8698,1.0595,1.0819,1.1087,1.1398,1.1749,1.2153,1.2603,1.3116,1.3692,1.4338,1.5055,1.5827,1.6626,3.9151
116.01,-13.87,1.8065,-5.9538,-16.198,-3.8958,-18.484,13.921,-0.26959,11.733,4.2273,-2.99,-1.9293,1.0532,1.0735,1.0969,1.1236,1.1542,1.1883,1.2268,1.2694,1.317,1.3703,1.4305,1.499,1.577,3.9151
112.95,-13.651,0.54915,-4.8272,-17.792,-0.80283,-12.262,14.838,-3.5967,3.8431,-4.0956,4.8088,4.3067,1.0604,1.0812,1.105,1.1325,1.1634,1.1985,1.2377,1.2818,1.3308,1.3857,1.4471,1.5154,1.5895,3.9151
117.09,-16.107,1.9843,-5.8712,-19.5,-6.4649,-10.828,12.978,-3.4021,10.242,2.8989,-0.49014,2.5547,1.053,1.0739,1.0977,1.1249,1.1557,1.1905,1.2296,1.2736,1.3228,1.3778,1.4395,1.5086,1.5852,3.9151
114.63,-14.864,2.4634,-8.7006,-17.209,0.32454,-13.427,8.9935,-4.0747,17.704,5.2005,-1.7888,-2.6543,1.0567,1.0772,1.1014,1.129,1.1605,1.1961,1.2359,1.2806,1.3305,1.387,1.4506,1.5227,1.6048,3.9151
113.55,-15.238,2.0361,-4.2986,-16.406,-1.5953,-14.781,8.4765,-8.1896,10.441,9.6626,-7.4849,-3.2545,1.0526,1.0703,1.0929,1.1175,1.1463,1.1784,1.2149,1.2556,1.3018,1.3541,1.4137,1.4824,1.5618,3.9151
117.87,-16.202,1.9542,-8.5406,-16.77,-4.3143,-14.306,7.0187,-4.2869,11.604,0.63663,-0.067669,5.4894,1.0582,1.0806,1.107,1.137,1.1717,1.2107,1.2555,1.3062,1.3641,1.4292,1.5031,1.585,1.6724,3.9151
118.22,-15.702,1.4476,-8.1799,-15.216,-2.6182,-13.461,6.5187,-3.0347,13.946,3.2639,2.8734,1.7303,1.0514,1.0703,1.0926,1.1175,1.1463,1.1785,1.2152,1.2563,1.3026,1.3542,1.4125,1.4783,1.5534,3.9151
116.29,-13.039,-0.5325,-4.3433,-20.115,-0.97601,-18.879,13.327,1.5908,10.754,9.5303,-4.7409,-1.5657,1.057,1.0768,1.0996,1.126,1.1561,1.1896,1.2277,1.2705,1.3186,1.3727,1.434,1.5035,1.5819,3.9151
114.86,-15.078,-0.26086,-4.0915,-17.075,-2.5873,-13.809,13.856,0.5583,11.467,-1.2172,0.47828,-0.41625,1.0584,1.0822,1.1078,1.1385,1.1722,1.2106,1.2525,1.299,1.3501,1.4064,1.4688,1.537,1.6101,3.9151
117.87,-15.737,2.4478,-4.386,-16.233,-5.6392,-12.161,8.4872,-5.4381,11.352,0.076217,-0.93481,0.24047,1.0581,1.0802,1.1054,1.1344,1.1666,1.2032,1.244,1.29,1.3415,1.3996,1.4656,1.5399,1.6224,3.9151
114.58,-13.17,1.6775,-8.3319,-17.277,-2.0246,-17.105,15.14,-5.9015,10.04,8.4015,3.1427,-5.548,1.0533,1.0731,1.096,1.1219,1.1516,1.1859,1.2245,1.268,1.3167,1.3719,1.4345,1.506,1.5873,3.9151
117.85,-14.733,1.5198,-6.3743,-18.032,-0.24014,-14.496,3.2634,-7.1732,16.054,2.2515,2.3085,-0.81102,1.0563,1.0768,1.1006,1.128,1.1591,1.1946,1.234,1.2784,1.3281,1.3842,1.4474,1.5183,1.5983,4.3161
114.28,-13.203,2.1424,-4.1515,-17.73,0.4997,-20.022,8.3039,0.38234,13.367,10.837,-7.1648,-1.268,1.0613,1.0808,1.1042,1.1301,1.16,1.1927,1.2297,1.2705,1.3163,1.3674,1.425,1.4903,1.5647,4.3161
114.08,-15.807,1.4001,-5.0321,-17.16,-3.7847,-12.282,10.829,-6.4814,13.598,4.6284,3.4849,-4.6701,1.0573,1.078,1.1022,1.129,1.1593,1.1932,1.2317,1.2743,1.3218,1.3749,1.4338,1.4998,1.5729,4.3161
118.11,-16.414,1.8679,-5.2132,-16.388,-2.2388,-9.5991,6.6297,-6.4167,14.305,1.2242,0.77183,0.16467,1.0609,1.0843,1.1117,1.1428,1.1785,1.2184,1.2638,1.3151,1.373,1.4381,1.5121,1.5947,1.683,4.3161
115.31,-14.507,0.82631,-6.8642,-17.789,-4.001,-15.643,15.623,-1.6323,8.5902,6.6123,3.9214,-1.9987,1.0525,1.073,1.0969,1.1241,1.155,1.1896,1.229,1.273,1.3226,1.3786,1.4421,1.5145,1.5976,4.3161
113.77,-13.887,0.48912,-5.6418,-18.324,-0.93642,-11.38,12.783,-8.1146,2.5237,-1.9802,1.691,-3.5479,1.0605,1.0808,1.1043,1.1314,1.1627,1.1978,1.2384,1.284,1.3351,1.3922,1.4544,1.5224,1.596,4.3161
118.21,-17.53,0.25105,-8.3845,-20.828,-5.8715,-12.36,10.256,-8.1062,10.483,6.2261,-1.8241,-2.516,1.0582,1.0783,1.1025,1.1296,1.1604,1.1955,1.2341,1.2774,1.3261,1.381,1.4432,1.5142,1.5932,4.3161
115,-15.477,2.3691,-7.029,-17.496,0.34427,-13.286,10.617,-4.1279,14.372,4.6931,2.1299,1.628,1.0539,1.0736,1.0973,1.1238,1.1548,1.1895,1.2285,1.2719,1.321,1.3761,1.4388,1.51,1.5912,4.3161
111.08,-13.728,7.5274,-3.0633,-18.549,-3.5806,-12.711,13.068,-6.877,7.0167,6.7486,-12.556,-0.84343,1.048,1.0674,1.0889,1.1142,1.1423,1.1747,1.2106,1.2514,1.2973,1.3495,1.4094,1.4791,1.562,4.3161
117.96,-15.808,2.5532,-7.2258,-15.486,-2.1424,-12.906,3.8141,-7.4276,12.47,4.6681,0.56438,0.17028,1.0588,1.0808,1.107,1.1368,1.1712,1.2102,1.2549,1.3052,1.3625,1.4268,1.499,1.5781,1.663,4.3161
118.57,-15.481,2.212,-6.2632,-13.944,-1.5104,-13.664,5.3702,-5.1026,12.225,3.692,0.8909,1.0772,1.0471,1.0659,1.0876,1.1125,1.141,1.1732,1.2096,1.2502,1.2961,1.3475,1.4059,1.472,1.5472,4.3161
116.6,-14.087,1.2179,-5.6946,-19.983,-1.946,-20.67,11.109,2.3347,9.8833,5.2621,-3.427,3.8019,1.0605,1.0828,1.1074,1.1366,1.1694,1.2068,1.2494,1.2973,1.3509,1.4107,1.477,1.5498,1.6284,4.3161
115.78,-14.401,-2.282,-7.1646,-17.169,-2.2662,-13.393,11.116,-3.0042,9.9749,-1.2278,1.2866,-1.7752,1.0589,1.0819,1.108,1.1379,1.1715,1.2093,1.2512,1.2975,1.3493,1.4067,1.4709,1.5426,1.6207,4.3161
117.46,-16.39,2.0732,-6.3238,-18.311,-4.9574,-14.308,3.8862,-8.3932,13.186,0.962,-2.8248,-3.0965,1.0567,1.0783,1.1031,1.1313,1.1632,1.1993,1.2401,1.2859,1.3375,1.3958,1.4618,1.5373,1.6224,4.3161
114.01,-12.821,2.5802,-5.7323,-16.09,-3.9087,-19.171,18.252,-3.2119,7.0487,2.6141,5.0031,-0.12836,1.0602,1.0833,1.1075,1.1354,1.1657,1.2006,1.2392,1.2826,1.331,1.3849,1.4459,1.5156,1.5942,4.3161
118.18,-14.534,2.5794,-5.4359,-17.152,-1.0042,-14.137,5.4065,-2.9057,13.664,0.42945,-0.61169,0.45886,1.0497,1.0702,1.0936,1.1209,1.1517,1.1867,1.2258,1.2699,1.3191,1.3745,1.4366,1.5057,1.5825,4.0633
114.21,-14.572,3.104,-4.9612,-18.658,0.65882,-15.981,11.884,-1.1418,11.972,10.018,-3.6909,1.6159,1.0542,1.0721,1.094,1.1192,1.1481,1.181,1.2179,1.2593,1.3055,1.3577,1.4161,1.4824,1.5581,4.0633
113.7,-16.679,0.17116,-7.2246,-18.692,-2.4032,-16.777,6.8843,-5.8378,14.27,5.2009,3.4073,2.0909,1.0604,1.0815,1.1057,1.1327,1.1628,1.1958,1.2327,1.2737,1.3191,1.3693,1.4253,1.4883,1.5594,4.0633
117.08,-17.479,1.3938,-3.5886,-14.164,-4.811,-14.175,5.7892,-4.4828,14.418,0.94361,-0.69656,0.2421,1.0594,1.0821,1.1091,1.1398,1.175,1.215,1.2596,1.3102,1.3666,1.4298,1.5003,1.5775,1.6603,4.0633
115.27,-13.879,0.45234,-6.8898,-17.914,-2.0443,-16.047,13.569,-2.1717,9.9385,6.9735,0.1275,-1.1011,1.0544,1.075,1.0983,1.125,1.1551,1.1887,1.2268,1.2694,1.317,1.3705,1.4305,1.4985,1.5756,4.0633
114.04,-12.738,1.5031,-4.2967,-16.915,-1.3909,-13.099,15.677,-5.3016,0.25803,-0.87646,3.7522,0.49799,1.073,1.0927,1.1161,1.1422,1.172,1.2046,1.2417,1.2829,1.3291,1.3808,1.4387,1.5025,1.5716,4.0633
118.12,-16.245,2.3912,-4.459,-17.732,-5.7677,-14.119,11.158,0.39668,12.182,0.62771,-3.018,2.0301,1.0574,1.078,1.1023,1.1299,1.1612,1.1968,1.2363,1.2805,1.3301,1.3856,1.4483,1.5184,1.5959,4.0633
116.4,-14.466,3.3268,-5.584,-17.358,-1.2731,-13.346,12.611,-4.6844,12.998,7.8508,-1.1667,-7.5094,1.0573,1.0777,1.1014,1.1283,1.1584,1.1926,1.2305,1.2731,1.3209,1.3746,1.4356,1.5052,1.5838,4.0633
112.71,-13.323,4.8805,-6.704,-17.197,1.4324,-14.884,8.7386,-2.7974,5.2367,9.4692,-5.1058,-1.7343,1.0502,1.0692,1.0917,1.1172,1.1465,1.1796,1.2169,1.2588,1.3061,1.3595,1.4207,1.4915,1.5748,4.0633
116.77,-16.884,1.1479,-5.8675,-16.202,-4.5542,-14.143,5.305,-7.565,10.693,4.7695,3.1952,3.7095,1.0575,1.0801,1.1059,1.1356,1.1692,1.207,1.25,1.2984,1.3529,1.4143,1.4834,1.56,1.6437,4.0633
117.56,-15.839,1.0443,-6.7369,-16.929,-4.6841,-14.515,5.6691,-4.0755,13.362,3.7741,1.1311,0.77039,1.0482,1.0671,1.0882,1.1134,1.1414,1.1735,1.2094,1.2495,1.2946,1.3451,1.4019,1.4653,1.5364,4.0633
116.56,-13.23,0.22082,-3.7058,-20.022,-1.8159,-22.322,9.9149,-0.67904,10.194,10.421,0.397,-2.453,1.0625,1.0866,1.1125,1.1425,1.1749,1.2112,1.2519,1.297,1.3471,1.4025,1.4644,1.5332,1.6098,4.0633
115.23,-14.816,2.3026,-5.519,-18.59,0.95915,-11.561,12.983,-2.784,7.5552,-0.7272,4.1386,2.6393,1.0583,1.0787,1.1042,1.1331,1.1667,1.2045,1.247,1.2947,1.3485,1.4084,1.4752,1.5484,1.6289,4.0633
116.69,-15.945,4.7383,-4.7377,-16.874,-4.1113,-11.282,5.4404,-7.0136,14.565,3.1569,-2.1432,-0.093734,1.0589,1.0794,1.1036,1.1313,1.1626,1.1977,1.2374,1.2821,1.3322,1.3888,1.4533,1.5269,1.6102,4.0633
114.86,-12.751,2.056,-7.8847,-15.606,1.0179,-16.382,12.818,-4.921,10.497,8.4353,1.576,-4.2333,1.0522,1.0718,1.0949,1.1211,1.1507,1.1842,1.2217,1.2635,1.3106,1.3633,1.4233,1.4921,1.5703,4.0633
118.81,-14.764,0.38288,-6.2519,-16.772,-2.7337,-14.555,7.428,-5.6278,10.37,0.39778,-1.1072,-2.1592,1.0554,1.0776,1.1023,1.1312,1.1637,1.2006,1.2418,1.2881,1.3397,1.3975,1.4619,1.5333,1.6124,4.1499
114.14,-13.07,-0.96495,-4.7855,-17.27,1.1022,-18.273,10.941,-3.1509,12.271,13.321,-6.5795,-0.37673,1.0529,1.0723,1.0944,1.1199,1.1482,1.1801,1.2157,1.2555,1.2998,1.3498,1.4064,1.4707,1.5451,4.1499
113.85,-15.526,1.0433,-3.2076,-15.846,-3.3669,-18.265,6.8645,-2.6841,15.612,5.0008,7.1538,-2.2471,1.0569,1.0773,1.1005,1.1276,1.1584,1.1936,1.2331,1.2772,1.3265,1.3816,1.4428,1.5104,1.5836,4.1499
116.33,-17.531,2.1708,-0.53774,-11.778,-2.9361,-14.511,4.5975,-4.7144,12.247,3.554,4.6577,-2.5463,1.0623,1.0851,1.1114,1.1418,1.1764,1.2156,1.2597,1.3097,1.3658,1.4287,1.4976,1.5717,1.649,4.1499
115.42,-13.008,1.5695,-5.6274,-17.872,1.1282,-15.601,11.388,-4.207,11.551,5.9634,0.11202,-3.0423,1.0508,1.071,1.0939,1.1203,1.15,1.1839,1.2217,1.2644,1.3122,1.3664,1.4275,1.4971,1.5768,4.1499
113.75,-13.068,1.5908,-4.3313,-16.111,-0.76496,-17.294,11.775,-2.9106,6.7827,-0.26146,0.55827,2.7392,1.067,1.0898,1.1147,1.1428,1.174,1.2083,1.247,1.2901,1.3374,1.3898,1.448,1.5138,1.5879,4.1499
118.29,-15.966,2.737,-6.4137,-16.442,-2.7133,-16.551,7.0337,-2.5114,13.945,4.3758,-5.0982,-0.15296,1.0564,1.0759,1.0989,1.1248,1.1548,1.1883,1.2268,1.27,1.319,1.3744,1.4373,1.509,1.5899,4.1499
116.16,-14.615,2.9455,-7.7859,-18.432,-0.29112,-16.065,8.7185,-4.5835,10.982,5.579,-2.6399,-6.3141,1.0596,1.0797,1.1027,1.1288,1.1582,1.1914,1.2285,1.2703,1.3172,1.3702,1.4306,1.4998,1.5794,4.1499
113.11,-13.922,4.8473,-7.0437,-17.962,-2.5036,-13.542,10.384,-4.5085,5.5392,9.8246,-7.9975,0.96058,1.0504,1.0682,1.0907,1.1158,1.1455,1.1783,1.2162,1.2584,1.3064,1.3605,1.4225,1.4942,1.5783,4.1499
117.81,-16.719,0.4475,-7.7008,-13.26,-3.8231,-14.901,5.6878,-3.6835,13.657,2.5558,0.074498,-0.46256,1.0619,1.0844,1.112,1.1427,1.1785,1.2186,1.2646,1.3164,1.376,1.4432,1.5197,1.606,1.7003,4.1499
117.97,-15.67,1.8556,-7.657,-16.222,-2.1615,-13.009,5.949,-1.888,16.803,5.0471,0.42549,1.8711,1.0521,1.0702,1.0921,1.1167,1.1449,1.1763,1.2121,1.2519,1.2968,1.3472,1.4043,1.4695,1.5443,4.1499
117.48,-13.422,1.5932,-3.7058,-17.504,-2.0236,-20.394,10.98,-4.4975,8.001,8.708,-0.25614,-3.3722,1.0623,1.0843,1.11,1.1393,1.1726,1.2105,1.2536,1.3022,1.3569,1.4182,1.4864,1.5617,1.6439,4.1499
115.83,-15.287,0.66371,-4.214,-16.096,-0.63227,-14.459,11.887,-4.1771,5.916,2.0628,3.6859,-2.1696,1.057,1.0782,1.1026,1.1304,1.1619,1.1967,1.2365,1.2803,1.3297,1.3849,1.4468,1.5151,1.5909,4.1499
117.8,-17.225,3.1472,-1.6903,-14.456,-4.5976,-14.818,7.0767,-5.7493,13.154,6.3433,-0.49941,-3.6363,1.0546,1.0758,1.0992,1.1265,1.1571,1.1917,1.2309,1.2753,1.3255,1.3825,1.4479,1.5236,1.6113,4.1499
112.14,-13.577,4.3826,-4.6161,-16.498,-1.6806,-20.331,13.138,-3.9605,10.776,4.3099,2.8149,-2.9709,1.0512,1.0709,1.0937,1.1201,1.1501,1.1841,1.2233,1.2671,1.317,1.3732,1.4374,1.5107,1.5941,4.1499
117.78,-15.444,2.1377,-4.823,-18.402,-2.6404,-13.365,9.5688,-6.4114,13.3,2.5051,0.53052,-4.0906,1.0563,1.0785,1.104,1.1332,1.1666,1.2043,1.2469,1.295,1.3491,1.4105,1.4797,1.5567,1.6415,4.2354
115.39,-14.622,3.8762,-4.668,-17.077,0.43599,-18.674,12.808,-0.73777,8.8709,9.1392,-1.1359,0.29078,1.0522,1.072,1.0951,1.1214,1.1512,1.1843,1.2219,1.2638,1.3107,1.3639,1.4243,1.4934,1.5721,4.2354
114.87,-15.06,0.56982,-5.3523,-18.627,-2.2084,-13.53,10.417,-6.0239,11.075,5.7551,3.4976,-5.2065,1.0644,1.084,1.1074,1.1334,1.1631,1.1966,1.2342,1.2762,1.3237,1.3776,1.4389,1.5081,1.586,4.2354
116.86,-16.014,2.7915,-2.2727,-15.777,-1.2823,-11.449,5.4927,-8.6357,14,4.8379,-1.9824,-4.0427,1.0599,1.0818,1.1063,1.1348,1.167,1.2031,1.2436,1.2885,1.3386,1.3942,1.4557,1.5231,1.5963,4.2354
114.07,-13.713,1.2886,-2.8907,-15.801,-3.781,-21.988,12.521,-3.975,9.5556,7.9761,-0.16241,-2.462,1.0544,1.0742,1.0979,1.1244,1.1548,1.189,1.2275,1.2705,1.3194,1.3748,1.4379,1.5105,1.5941,4.2354
113.42,-14.002,2.2091,-4.6474,-18.42,-1.0641,-14.473,10.289,-7.1635,4.3839,1.6605,1.3204,1.4823,1.0661,1.0866,1.1111,1.1383,1.1693,1.2034,1.2419,1.2847,1.3323,1.3852,1.4446,1.5114,1.5866,4.2354
117.81,-17.313,1.9692,-6.8965,-20.382,-5.4718,-13.958,6.8456,-6.9161,11.427,7.1777,-1.9718,-2.4744,1.0526,1.0728,1.096,1.123,1.1536,1.1874,1.2263,1.2696,1.3182,1.3731,1.4351,1.5049,1.5831,4.2354
114.87,-14.445,5.1675,-6.2163,-18.551,-0.0076774,-16.253,8.9012,-3.4307,9.9475,1.9713,-2.5441,0.14415,1.0524,1.0715,1.0938,1.1191,1.1482,1.1804,1.2175,1.2587,1.3054,1.3583,1.4189,1.4888,1.57,4.2354
112.43,-12.718,5.1591,-5.3308,-16.844,-1.312,-16.832,9.3347,-0.66233,5.1753,7.0834,-8.6109,-0.24046,1.0529,1.0723,1.0939,1.1191,1.147,1.1789,1.2148,1.2554,1.3011,1.3528,1.4116,1.4789,1.557,4.2354
117.64,-16.01,1.2365,-8.9046,-15.991,-2.3294,-13.019,4.6074,-2.76,15.387,0.095794,-2.1478,1.2337,1.0626,1.0855,1.1115,1.1421,1.1761,1.2157,1.2594,1.3098,1.366,1.4297,1.5013,1.5804,1.6655,4.2354
118.16,-15.275,1.2111,-6.6463,-15.566,-2.4654,-13.474,6.6827,-1.3319,15.141,3.7377,-0.60831,-0.53346,1.0521,1.0717,1.0931,1.1186,1.1469,1.1794,1.2157,1.2567,1.3024,1.3538,1.4119,1.4779,1.5532,4.2354
116.49,-13.04,0.59557,-3.8017,-18.545,-1.5815,-19.474,11.566,-4.5252,4.3948,6.3982,1.0047,-0.87735,1.0553,1.0753,1.0989,1.1263,1.1578,1.1936,1.2342,1.2792,1.33,1.3865,1.4492,1.5192,1.5958,4.2354
114.84,-15.297,0.68149,-4.8898,-15.036,-3.777,-16.434,12.05,-2.9496,5.3141,1.7712,-0.0028766,-0.03735,1.0607,1.0819,1.1066,1.1345,1.1663,1.2014,1.241,1.2853,1.3345,1.3895,1.4508,1.5183,1.593,4.2354
115.93,-17.252,3.2317,-5.408,-17.781,-5.1834,-14.114,7.4033,-4.7047,12.949,5.288,-1.9472,0.87363,1.0512,1.0699,1.0921,1.1175,1.1467,1.1803,1.218,1.2609,1.3095,1.3645,1.4277,1.5007,1.5854,4.2354
112.7,-14.645,3.8952,-2.6847,-14.254,-0.89337,-19.532,11.541,-4.3927,11.556,10.725,0.6987,-5.7465,1.0503,1.0676,1.0893,1.1133,1.1413,1.1729,1.2088,1.249,1.2946,1.3461,1.4048,1.4723,1.5514,4.2354
118.05,-14.595,2.138,-5.0719,-16.177,-1.0198,-13.286,7.8455,-4.755,16.511,0.1132,-1.6755,-3.0208,1.0617,1.0831,1.1093,1.1387,1.1729,1.2113,1.255,1.3043,1.3607,1.4249,1.4973,1.5782,1.6664,4.1261
115.44,-13.84,4.0397,-6.8673,-18.331,2.1509,-16.506,9.3131,-2.6817,14.25,9.4003,-6.9763,-1.3609,1.0486,1.0694,1.0918,1.1184,1.1477,1.181,1.2185,1.2607,1.3081,1.3614,1.422,1.4906,1.5689,4.1261
113.23,-17.01,-0.58749,-5.187,-21.228,-7.1681,-18.375,11.999,-0.75668,10.875,0.48764,2.2317,1.9788,1.0626,1.0824,1.1063,1.1332,1.1636,1.1985,1.2369,1.2803,1.3291,1.3843,1.4469,1.518,1.5994,4.1261
116.16,-16.421,3.5589,-2.7075,-17.966,-5.0929,-13.051,6.8944,-4.3331,13.521,-1.9216,-1.1371,0.48662,1.0597,1.0816,1.1069,1.1358,1.1695,1.2071,1.25,1.298,1.3511,1.4098,1.474,1.5433,1.6173,4.1261
114.52,-12.62,2.5434,-4.2869,-18.69,-3.5666,-18.19,13.327,-7.6137,8.3746,8.3776,1.0845,-6.8737,1.0565,1.0755,1.099,1.1252,1.1553,1.1893,1.2273,1.2698,1.318,1.3725,1.4345,1.5052,1.5861,4.1261
113.39,-13.767,3.9155,-2.0234,-15.715,-1.141,-14.522,10.284,-7.3118,6.5732,7.147,-0.48499,-4.4929,1.0612,1.0831,1.1074,1.1355,1.1669,1.2022,1.2416,1.2854,1.3344,1.389,1.4506,1.5201,1.6001,4.1261
118.25,-16.745,3.6873,-2.4037,-16.21,-4.8989,-16.299,7.1663,-4.1857,9.9042,3.7222,0.10525,1.0965,1.0517,1.0708,1.0942,1.1203,1.1505,1.1837,1.222,1.2644,1.3124,1.3661,1.4271,1.4963,1.5748,4.1261
116.86,-13.65,3.3209,-4.8226,-15.654,0.32716,-15.871,7.5301,-5.076,8.9336,4.5846,1.1814,-7.9281,1.059,1.0783,1.1015,1.1278,1.1584,1.1921,1.2308,1.2737,1.3223,1.3768,1.4383,1.5084,1.5864,4.1261
113.28,-12.903,3.9696,-4.4791,-17.292,-1.0604,-16.235,9.9547,-0.9424,7.4363,8.6315,-3.128,-0.84288,1.0604,1.0813,1.1047,1.1316,1.1618,1.1955,1.2335,1.2761,1.3238,1.3779,1.4392,1.5093,1.5902,4.1261
116.86,-16.637,0.42992,-7.1086,-16.869,-6.317,-12.627,8.1996,-3.7382,12.853,0.50309,1.4242,0.26126,1.0595,1.0819,1.1087,1.1395,1.1746,1.2148,1.2596,1.3112,1.369,1.4348,1.5086,1.5915,1.6828,4.1261
117.26,-15.582,0.71912,-6.3325,-16.941,-3.5192,-13.647,8.0426,-2.4971,13.027,2.7575,-0.34439,0.24291,1.0505,1.0702,1.0925,1.1182,1.147,1.1793,1.2155,1.2561,1.3014,1.3522,1.4095,1.4746,1.5487,4.1261
115.48,-12.572,1.3003,-5.4843,-17.871,0.15119,-21.059,11.425,-2.2076,7.279,2.3593,-2.7467,2.4356,1.0602,1.0818,1.1077,1.1367,1.1706,1.2084,1.2517,1.2999,1.3545,1.4151,1.4827,1.5563,1.6333,4.1261
115.79,-13.87,3.0489,-5.4501,-16.159,-0.97546,-12.142,10.289,-3.0632,8.0658,-0.91765,-1.5403,-1.4094,1.0591,1.0812,1.1068,1.1358,1.1686,1.2055,1.2466,1.2929,1.3443,1.4018,1.4662,1.5384,1.6175,4.1261
116.82,-15.914,4.5242,-5.4707,-17.005,-2.9185,-9.0555,8.3258,-5.6769,14.691,4.1827,-0.53249,0.17574,1.0543,1.0745,1.0985,1.1257,1.1569,1.1923,1.2322,1.2768,1.3274,1.3847,1.4505,1.5267,1.6152,4.1261
113.32,-13.357,3.3852,-4.8487,-11.99,1.6782,-18.212,12.992,-5.3857,8.2409,7.4105,4.352,-3.8218,1.0568,1.0742,1.0959,1.1199,1.1482,1.18,1.2163,1.2569,1.3029,1.3549,1.4143,1.4823,1.5605,4.1261
117.53,-15.322,1.4017,-7.2634,-16.101,-1.4582,-13.614,7.4508,-8.3746,14.019,1.3443,0.081852,-0.27593,1.0587,1.081,1.107,1.1368,1.1713,1.2103,1.2548,1.3054,1.3632,1.4292,1.5045,1.5898,1.6829,4.1823
115.44,-13.86,3.1624,-3.9013,-20.937,-1.5532,-19.639,15.232,-1.9435,10.531,7.725,-3.4265,-3.313,1.0512,1.0697,1.0918,1.1171,1.1459,1.1786,1.2152,1.2565,1.303,1.3557,1.4152,1.4829,1.5604,4.1823
114.8,-14.563,-0.47872,-6.3506,-17.732,0.72765,-13.155,10.138,-0.31937,12.425,0.61087,2.3106,-3.762,1.0619,1.0836,1.1084,1.1364,1.1679,1.2025,1.2415,1.2846,1.3326,1.3863,1.4466,1.5144,1.5916,4.1823
118.16,-15.251,2.3019,-4.014,-16.082,-2.7516,-13.39,8.699,-7.6594,11.896,3.7861,-1.6801,-4.7241,1.0561,1.0781,1.1036,1.1329,1.1659,1.2031,1.2443,1.2906,1.3418,1.3987,1.4616,1.5309,1.6062,4.1823
114.21,-12.214,4.0614,-4.5816,-18.723,-0.78806,-18.118,12.107,-3.5659,8.1872,2.0123,-0.8643,-0.70996,1.0559,1.0756,1.0994,1.126,1.1562,1.1897,1.2275,1.2694,1.3167,1.3701,1.4311,1.5012,1.582,4.1823
113.24,-14.022,4.4608,-1.7706,-16.925,-5.7466,-14.148,14.558,-2.7268,7.33,2.3808,-1.8912,-3.679,1.0548,1.0745,1.0978,1.1244,1.1547,1.1895,1.2285,1.2724,1.3217,1.3771,1.4401,1.5121,1.5941,4.1823
118.9,-15.469,3.118,-4.9266,-15.594,-2.7012,-15.572,2.0497,-5.9337,13.081,3.0793,-0.85821,0.35919,1.056,1.0763,1.1009,1.1286,1.1603,1.1963,1.2363,1.2809,1.3309,1.3868,1.4494,1.5194,1.597,4.1823
116.63,-13.806,1.6405,-4.7732,-16.719,-0.57752,-16.841,5.5324,-6.4505,8.962,3.7994,-0.46766,-4.9292,1.0582,1.0775,1.1006,1.1261,1.1554,1.1877,1.2241,1.2642,1.3089,1.3587,1.4147,1.4782,1.5508,4.1823
111.6,-12.26,2.1108,-2.5996,-18.803,-1.9348,-18.508,12.52,-1.9534,5.7703,4.9108,-1.798,0.94543,1.0664,1.0869,1.1106,1.137,1.1664,1.1991,1.2359,1.2766,1.3219,1.3722,1.4283,1.4906,1.559,4.1823
117.25,-16.518,-0.67096,-6.9429,-15.416,-5.3121,-13.336,7.5791,-4.6415,12.259,4.6398,1.0914,-2.3443,1.0605,1.0833,1.1106,1.1414,1.177,1.2165,1.2612,1.3111,1.3669,1.429,1.4975,1.5731,1.6546,4.1823
116.75,-15.154,2.8067,-4.4889,-16.358,-3.1636,-12.629,8.5963,-4.7236,10.44,4.0473,1.0383,1.5549,1.0526,1.0716,1.0949,1.1206,1.1502,1.1831,1.2197,1.2603,1.3062,1.3576,1.416,1.4827,1.5594,4.1823
115.5,-12.4,1.8488,-3.7359,-17.411,-1.3283,-17.981,14.981,-4.7891,2.9801,4.1991,-0.23936,-0.87126,1.0655,1.0867,1.112,1.1398,1.1716,1.2063,1.2457,1.2895,1.3385,1.3932,1.4545,1.5223,1.5953,4.1823
116.57,-13.985,1.0137,-5.2382,-17.422,-0.43521,-13.125,11.987,-5.1213,5.3377,-1.5043,-1.4061,0.052651,1.0547,1.0759,1.1004,1.1286,1.1598,1.1953,1.2342,1.278,1.3272,1.3824,1.445,1.5159,1.5948,4.1823
117.3,-16.197,3.3051,-4.4176,-18.065,-4.74,-10.688,10.17,-4.7935,14.27,4.5404,-0.38358,-2.9806,1.0567,1.078,1.1021,1.1297,1.1604,1.1948,1.233,1.2757,1.3234,1.3768,1.4375,1.5072,1.5872,4.1823
112.36,-13.707,3.6966,-7.5522,-17.474,3.4846,-16.612,10.553,-5.439,8.7389,6.3901,0.7686,-3.8918,1.0518,1.07,1.091,1.1153,1.1433,1.1751,1.2112,1.2516,1.2976,1.3494,1.4093,1.478,1.5589,4.1823
117.05,-16.036,2.3653,-4.7525,-16.484,-2.3404,-13.843,9.5339,-4.8087,15.416,3.181,-0.20349,-2.2414,1.0603,1.0836,1.11,1.141,1.1756,1.2154,1.2601,1.3109,1.3687,1.4347,1.5102,1.596,1.6907,4.001
116.47,-13.579,3.4125,-5.0048,-18.626,-1.8848,-17.639,16.54,-1.7866,9.8724,7.8541,-4.5549,-2.7889,1.0515,1.0699,1.0928,1.1179,1.1473,1.1803,1.2176,1.2593,1.3064,1.3591,1.4186,1.4862,1.5632,4.001
115.22,-15.553,-0.50845,-4.2756,-18.964,-2.7409,-13.019,16.75,-2.3395,8.2337,1.5949,4.531,-1.5105,1.0608,1.0811,1.1055,1.1329,1.1644,1.1992,1.2392,1.2837,1.3333,1.3888,1.4517,1.5235,1.6056,4.001
117.57,-16.138,4.0917,-0.5704,-16.454,-5.4598,-14.86,10.116,-4.3147,11.745,0.33102,-3.4229,-3.2863,1.057,1.0776,1.1003,1.1266,1.1557,1.1893,1.2267,1.2694,1.317,1.3707,1.4307,1.4977,1.5719,4.001
114.02,-12.529,2.9045,-5.5992,-18.091,-1.6064,-16.995,11.889,-6.4165,8.5101,3.4994,-0.65664,-4.0585,1.0606,1.0814,1.1059,1.1328,1.1632,1.1962,1.2343,1.2759,1.3231,1.376,1.4361,1.5044,1.5818,4.001
113.38,-14.409,3.8527,-4.6609,-19.402,-3.5284,-13.303,9.5692,-5.015,9.8263,4.248,-1.0683,-2.4291,1.0536,1.0723,1.0952,1.1205,1.15,1.183,1.2209,1.2634,1.3116,1.3661,1.4283,1.4996,1.5824,4.001
118.13,-16.535,1.4763,-5.874,-17.734,-7.0194,-17.824,2.1819,-5.1718,13.66,0.078541,-0.41768,1.2358,1.0562,1.0777,1.1028,1.1318,1.1648,1.2024,1.2447,1.2922,1.3457,1.4057,1.4728,1.5469,1.6277,4.001
117.08,-13.538,1.6532,-5.6346,-17.745,1.3718,-15.572,6.065,-4.0898,9.9798,2.2496,-2.5961,-3.6519,1.055,1.0747,1.0966,1.1217,1.1498,1.1813,1.2167,1.2559,1.2999,1.3495,1.4058,1.47,1.5437,4.001
112.52,-12.279,3.1253,-3.3015,-19.117,3.3896,-14.857,9.6734,-6.1267,9.1219,8.3647,-4.3906,-0.017178,1.0585,1.0792,1.1028,1.1299,1.1603,1.1947,1.2329,1.2755,1.3232,1.3763,1.4363,1.5041,1.5812,4.001
116.78,-16.25,1.0586,-5.2861,-14.396,-4.2834,-14.544,5.9489,-3.5825,11.504,2.3324,2.4324,1.9498,1.0602,1.083,1.1095,1.1395,1.1737,1.212,1.2553,1.3041,1.3583,1.4183,1.4846,1.5576,1.6366,4.001
116.55,-15.338,2.1474,-4.4519,-15.078,-1.5319,-13.633,6.4918,-5.3924,12.657,4.3453,-0.2576,0.791,1.0511,1.0701,1.0931,1.1188,1.1485,1.1819,1.2192,1.2607,1.3074,1.3599,1.4198,1.4884,1.5677,4.001
115.09,-12.675,0.10079,-5.0577,-17.109,-0.4728,-19.112,13,-5.6428,5.9623,5.341,0.81166,-3.8302,1.0726,1.0949,1.121,1.1506,1.1837,1.2201,1.2616,1.3074,1.3582,1.4144,1.4763,1.544,1.6168,4.001
116.09,-14.55,0.88036,-5.7225,-18.392,-3.6128,-15.694,14.233,-5.902,2.6839,-0.69636,-0.57968,-2.3791,1.0554,1.0761,1.1,1.1272,1.1579,1.1927,1.2321,1.2762,1.326,1.382,1.4448,1.5143,1.5915,4.001
116.66,-16.554,1.1724,-6.5957,-18.121,-7.3071,-11.293,7.472,-6.2325,14.471,5.9916,1.9756,-2.5874,1.0589,1.0792,1.1036,1.1308,1.1618,1.1964,1.235,1.2778,1.3256,1.3789,1.4388,1.5062,1.5822,4.001
113.13,-12.925,2.2614,-8.761,-15.855,3.1906,-16.925,11.229,-2.9271,11.076,6.0059,1.4779,-4.23,1.0481,1.0669,1.0892,1.1146,1.1435,1.1766,1.2138,1.2559,1.3031,1.3567,1.4174,1.4874,1.5689,4.001
117.32,-15.284,2.0605,-5.4603,-16.667,-1.9414,-12.157,9.134,-5.0382,12.957,3.6759,1.7183,-2.8759,1.0616,1.084,1.1107,1.1413,1.1762,1.216,1.2609,1.3116,1.3692,1.4344,1.5085,1.5909,1.6809,3.9792
116.34,-13.832,3.0138,-6.469,-18.536,-1.2745,-17.655,10.842,0.02984,11.818,8.949,-2.1557,-0.59568,1.0534,1.0724,1.0954,1.1208,1.1504,1.1831,1.2201,1.2613,1.3078,1.3599,1.4185,1.4847,1.56,3.9792
114.69,-16.896,-2.8299,-7.5562,-19.273,-3.6278,-15.698,11.954,-4.3354,10.849,3.9179,3.9203,-1.594,1.061,1.081,1.1049,1.1315,1.1626,1.1974,1.2369,1.2815,1.3318,1.3883,1.4522,1.5241,1.6039,3.9792
116.63,-17.147,3.2149,-2.7691,-17.188,-3.8234,-15.899,3.4915,-10.364,15.384,3.9896,-1.0009,-6.8402,1.0523,1.0731,1.0976,1.1257,1.1578,1.1942,1.2351,1.2811,1.3325,1.3897,1.454,1.5267,1.6086,3.9792
113.44,-12.804,2.6083,-6.656,-16.452,-2.5337,-17.407,12.236,-6.5969,7.0052,4.4414,2.2556,-3.8495,1.0597,1.0809,1.1054,1.1331,1.1642,1.1991,1.2384,1.2825,1.3317,1.3868,1.4489,1.5192,1.5983,3.9792
114,-13.722,4.1212,-4.4114,-17.955,-3.3006,-12.618,12.949,-3.7635,7.3796,4.8924,-1.2796,-4.0272,1.0513,1.0706,1.0933,1.1195,1.1495,1.1833,1.2215,1.264,1.3119,1.3661,1.4276,1.4981,1.5792,3.9792
119.73,-15.675,2.7468,-5.0148,-15.957,-5.1217,-15.496,4.536,-6.0265,13.641,1.9107,-4.3297,-2.8413,1.0537,1.076,1.1006,1.1293,1.1612,1.198,1.2387,1.2849,1.3365,1.3945,1.459,1.5308,1.611,3.9792
116.43,-14.036,3.0995,-5.4093,-16.971,0.5839,-15.632,6.8707,-4.2784,9.1009,0.2016,-2.2777,-2.7664,1.0579,1.0776,1.1005,1.126,1.1554,1.188,1.2253,1.2669,1.3141,1.3674,1.4281,1.4966,1.5744,3.9792
112.18,-13.43,2.967,-2.1774,-18.414,0.39105,-17.896,8.7506,-2.5532,9.4596,6.7647,-1.5546,0.43947,1.064,1.0833,1.1065,1.1314,1.1604,1.1927,1.2293,1.2704,1.3164,1.3683,1.4267,1.4924,1.5646,3.9792
115.92,-16.968,1.1182,-6.7434,-16.32,-3.9966,-15.714,1.1225,-5.451,15.108,3.6191,2.4053,3.1382,1.0623,1.0853,1.1115,1.1416,1.1754,1.2133,1.2562,1.3042,1.3584,1.4193,1.4877,1.564,1.6465,3.9792
115.14,-16.318,2.2113,-3.3061,-15.259,-4.232,-14.384,5.976,-8.2345,12.49,5.3281,0.47239,-1.3329,1.0506,1.0715,1.0943,1.1212,1.1507,1.1847,1.2223,1.2649,1.3124,1.3664,1.4275,1.4976,1.5782,3.9792
113.17,-12.479,2.5972,-4.4652,-19.171,-2.3131,-17.659,15.142,-7.2535,1.8434,4.5835,3.047,0.71391,1.0682,1.089,1.1125,1.1389,1.1692,1.2024,1.24,1.2819,1.3287,1.3814,1.4407,1.5076,1.5815,3.9792
117.46,-14.541,2.3948,-5.7692,-17.663,-3.0404,-15.107,14.495,-3.978,-0.31282,2.1223,-0.30629,-4.3516,1.0587,1.0784,1.102,1.1288,1.16,1.1951,1.2351,1.2799,1.3306,1.3876,1.4522,1.5244,1.6048,3.9792
117.85,-16.138,3.1894,-6.0246,-17.19,-5.5835,-12.603,6.9377,-3.8419,15.046,2.5699,-2.5578,-2.748,1.0572,1.0767,1.0993,1.1251,1.1541,1.1866,1.2229,1.2636,1.3093,1.3608,1.4188,1.4848,1.56,3.9792
113.03,-13.383,3.5831,-6.1882,-17.298,0.33102,-17.235,16.351,-2.727,8.1538,5.5471,-1.7296,-6.5191,1.0467,1.0656,1.0868,1.1116,1.1395,1.1717,1.2082,1.2494,1.2955,1.3477,1.4069,1.4741,1.5508,3.9792
116.41,-16.292,0.9186,-5.9505,-18.696,-2.9817,-15.529,8.7086,-4.2278,15.785,1.7509,-0.074366,-2.3916,1.0621,1.084,1.1102,1.14,1.1744,1.2134,1.2577,1.3075,1.3645,1.4297,1.5041,1.5872,1.6771,4.4974
114.05,-14.392,2.7864,-3.6707,-22.794,-0.33268,-19.56,13.911,-3.2231,12.141,9.7081,3.2628,-2.856,1.0512,1.0707,1.0931,1.1187,1.1477,1.1801,1.2166,1.2578,1.3038,1.3556,1.4139,1.4801,1.5559,4.4974
114.38,-15.78,1.7359,-6.4996,-18.025,1.3608,-12.347,9.8852,-6.2856,8.3501,0.79501,4.366,1.5503,1.0585,1.0804,1.1049,1.1345,1.1675,1.2065,1.2493,1.2984,1.3538,1.4159,1.4858,1.5646,1.6518,4.4974
116.88,-16.818,4.8403,-1.8219,-15.711,-4.0061,-16.306,5.6337,-10.439,12.367,5.8812,0.50676,-2.8964,1.0577,1.0789,1.1036,1.1317,1.1635,1.1988,1.2388,1.2831,1.3329,1.3884,1.4512,1.5228,1.6047,4.4974
113.87,-14,3.9442,-3.3263,-15.592,-1.2045,-20.983,13.418,-2.9683,5.396,5.7037,-0.25728,-3.9204,1.0494,1.0694,1.0909,1.1169,1.1458,1.1793,1.2165,1.2587,1.3061,1.36,1.4213,1.492,1.5738,4.4974
114.21,-14.133,3.1278,-3.6827,-16.996,-4.0881,-10.11,11.646,-8.5897,7.7114,5.9925,-2.6985,-1.7579,1.0542,1.0733,1.0956,1.1213,1.15,1.1826,1.2192,1.2604,1.3069,1.3594,1.4195,1.4887,1.5693,4.4974
119.52,-15.584,2.8222,-5.6763,-19.507,-3.0654,-14.032,4.5425,-5.7088,11.216,-0.16187,-2.9851,-0.41211,1.0548,1.0749,1.0989,1.1264,1.1575,1.1921,1.2316,1.2759,1.3255,1.381,1.4429,1.5117,1.5872,4.4974
117.02,-14.583,0.3947,-5.1205,-18.442,-0.90145,-16.437,9.5193,-5.2197,6.6539,3.0571,-2.0028,-4.873,1.0495,1.0685,1.0907,1.1162,1.145,1.1779,1.2145,1.2559,1.3022,1.3548,1.4145,1.483,1.5616,4.4974
113.17,-12.798,0.79008,-2.7038,-17.933,-0.21142,-19.243,11.954,-2.7775,5.4501,6.1358,-0.5336,-3.0148,1.0591,1.0807,1.1053,1.1334,1.165,1.2,1.2394,1.2829,1.3313,1.3852,1.4457,1.5134,1.5891,4.4974
116.79,-17.49,1.6395,-5.9404,-15.266,-7.5727,-16.345,7.7236,-5.349,9.2427,3.6506,1.1929,1.0292,1.0589,1.0809,1.107,1.1362,1.1699,1.2073,1.2495,1.2966,1.3499,1.4099,1.4782,1.5548,1.6384,4.4974
115.69,-15.48,3.0404,-4.9546,-15.114,-4.6124,-13.256,9.8101,-7.5825,12.802,4.3066,-1.7729,-3.9141,1.0546,1.0745,1.0987,1.1256,1.157,1.1924,1.2323,1.2773,1.3282,1.3858,1.4514,1.5261,1.6106,4.4974
113.17,-11.329,2.6304,-4.9513,-16.887,-0.083191,-18.484,10.637,-6.3699,8.701,3.5671,-1.2922,-2.4453,1.0558,1.0764,1.1015,1.1291,1.1611,1.1971,1.2372,1.2823,1.3326,1.3891,1.452,1.5226,1.6015,4.4974
114.51,-14.334,3.4439,-3.6893,-18.947,-3.7485,-15.968,13.867,-4.2623,4.1587,-1.5286,-3.6588,-0.71346,1.056,1.0772,1.1018,1.1298,1.1615,1.1973,1.2371,1.2817,1.3317,1.387,1.4482,1.5164,1.5925,4.4974
117.27,-15.631,3.0354,-5.1907,-17.376,-6.2976,-10.401,6.5712,-4.2,12.621,1.411,-1.1569,-0.08239,1.0574,1.0774,1.1006,1.1267,1.1562,1.1894,1.2262,1.2676,1.3141,1.3663,1.425,1.4915,1.5661,4.4974
113.08,-12.807,1.5133,-9.0037,-18.82,1.326,-16.033,11.156,-3.7075,8.3698,7.8244,-0.12272,-9.0217,1.0568,1.0765,1.0988,1.1243,1.1534,1.1864,1.2243,1.2668,1.3147,1.3686,1.4298,1.4997,1.5793,4.4974
116.59,-15.518,0.61529,-5.6895,-18.352,-2.8117,-12.555,7.0768,-3.2275,15.338,3.6155,-3.3204,-2.9874,1.06,1.0828,1.1096,1.1404,1.1759,1.2157,1.2613,1.3124,1.3703,1.4354,1.5086,1.5902,1.6781,3.6457
115.09,-13.724,1.866,-4.1235,-17.543,-1.9073,-16.996,14.938,-2.3428,8.6798,9.298,0.12795,-3.5939,1.0484,1.067,1.0892,1.1143,1.1432,1.1759,1.2125,1.2536,1.2998,1.3517,1.4105,1.4774,1.5537,3.6457
115.5,-16.614,0.31965,-2.7941,-15.247,-2.8049,-16.471,10.339,-6.1015,6.6575,0.79213,2.4329,0.24081,1.0646,1.0869,1.1131,1.1426,1.1761,1.2133,1.2555,1.3026,1.3558,1.4157,1.4836,1.5606,1.645,3.6457
117.72,-17.578,3.9104,-2.221,-15,-4.5804,-14.922,7.5419,-7.9766,10.896,3.397,0.82691,-1.5146,1.0526,1.0731,1.0965,1.1235,1.1536,1.188,1.226,1.2692,1.3175,1.3723,1.4344,1.5055,1.5859,3.6457
111.14,-13.922,4.714,-5.7348,-15.721,1.8682,-19.068,6.5851,-5.3399,13.542,5.9028,-2.917,-4.9528,1.0555,1.0757,1.0991,1.1261,1.1569,1.1921,1.2309,1.2749,1.3244,1.3805,1.4444,1.5179,1.6028,3.6457
112.5,-14.317,5.5003,-6.3397,-16.036,-3.6114,-14.661,13.22,-8.0855,5.3592,7.328,-4.5795,-2.5956,1.056,1.0748,1.0972,1.1225,1.1516,1.1842,1.2209,1.2621,1.3086,1.3612,1.4211,1.4903,1.5712,3.6457
118.75,-16.073,1.3282,-9.2544,-17.135,-7.2233,-12.911,2.4207,-6.8414,14.105,-0.49838,-0.59841,1.5222,1.0575,1.0804,1.1063,1.1372,1.1717,1.2118,1.2569,1.3083,1.3668,1.4329,1.5061,1.5866,1.6727,3.6457
116.75,-13.887,1.5121,-7.0944,-17.253,-0.53963,-14.639,6.7659,-5.602,12.488,2.4656,-4.1991,-3.6936,1.0495,1.0687,1.0913,1.1171,1.1466,1.1798,1.2173,1.2588,1.3056,1.3577,1.4166,1.4832,1.5586,3.6457
112.97,-11.694,2.8859,-3.6211,-18.538,-0.36809,-18.344,12.163,-1.952,8.5932,1.8049,-5.9018,-2.2071,1.0547,1.0759,1.1005,1.1284,1.1602,1.1953,1.2352,1.2801,1.3301,1.3864,1.4501,1.5224,1.6043,3.6457
116.69,-16.438,1.8329,-4.6925,-16.602,-3.8669,-14.63,7.6352,-2.7106,11.035,3.7386,0.50155,-4.0875,1.0585,1.0797,1.1048,1.1332,1.1651,1.2011,1.2411,1.2859,1.3354,1.39,1.4501,1.5159,1.5874,3.6457
115.7,-15.19,3.4443,-3.3028,-18.096,-4.8909,-13.29,11.139,-5.1282,12.342,3.0145,-2.2406,-3.7405,1.0535,1.0736,1.0966,1.1225,1.1518,1.1839,1.2208,1.262,1.3088,1.3618,1.4221,1.4915,1.5711,3.6457
113.58,-12.48,2.7252,-2.3246,-18.226,-2.9242,-21.72,11.054,-6.0602,7.5002,4.9166,-0.8961,-3.3203,1.0612,1.0834,1.1092,1.1379,1.1707,1.2072,1.2489,1.2957,1.3488,1.4089,1.4768,1.5533,1.6373,3.6457
115.23,-15.747,2.5187,-5.5397,-18.337,-3.0114,-14.645,9.2042,-8.4883,6.7975,2.8167,-2.0139,-5.7478,1.0586,1.0798,1.1046,1.1326,1.1649,1.2011,1.2414,1.2864,1.337,1.3938,1.4577,1.528,1.6061,3.6457
116.97,-17.06,1.198,-6.5465,-17.687,-7.281,-12.849,2.7403,-8.5722,12.354,3.7463,3.2065,-1.681,1.0518,1.0712,1.0928,1.1178,1.1457,1.1772,1.2122,1.2513,1.2952,1.3446,1.4009,1.4655,1.5405,3.6457
112.99,-13.802,4.3181,-6.4205,-18.296,2.6861,-19.582,7.6924,0.82737,6.3682,5.0766,-0.79406,0.71918,1.056,1.0753,1.0971,1.122,1.1498,1.1815,1.2172,1.2573,1.3024,1.3533,1.4105,1.4756,1.5494,3.6457
116.46,-15.916,1.1674,-5.5751,-17.341,-1.9219,-11.94,10.264,-4.7974,14.118,2.7542,-0.60115,-1.9792,1.0609,1.0842,1.1114,1.1426,1.1781,1.2183,1.2641,1.316,1.375,1.4415,1.5156,1.5983,1.6886,3.8746
114.49,-14.294,2.5892,-3.6602,-19.941,-1.8296,-16.302,17.423,-2.5642,5.5746,3.9542,2.2418,0.25567,1.0509,1.0706,1.0927,1.1184,1.1473,1.1804,1.217,1.2586,1.3052,1.3578,1.4176,1.4857,1.5641,3.8746
115.62,-16.386,-0.74445,-6.0246,-17.157,-4.5664,-17.883,8.4612,-4.5276,7.671,1.9486,-0.26874,-3.9343,1.0652,1.0893,1.1157,1.1465,1.1803,1.2185,1.2612,1.3092,1.3622,1.4208,1.4853,1.5544,1.6274,3.8746
117.24,-17.639,2.4468,-6.7808,-18.51,-3.7927,-12.827,6.0934,-9.1807,15.878,6.0938,0.14508,-0.057108,1.0538,1.0743,1.0978,1.1247,1.1553,1.1896,1.2286,1.2718,1.3208,1.3756,1.4375,1.508,1.5875,3.8746
112.25,-14.813,4.2264,-5.092,-17.056,1.2274,-17.854,10.951,-6.2566,5.6827,7.8753,0.72453,-3.7559,1.055,1.0764,1.1004,1.128,1.1585,1.1931,1.2315,1.2747,1.3231,1.3779,1.44,1.5113,1.5927,3.8746
113.4,-14.401,6.1241,-2.7059,-16.096,-2.8381,-16.115,12.35,-4.741,6.024,4.4432,-6.0525,-0.071595,1.052,1.0694,1.0912,1.1155,1.1438,1.1755,1.2113,1.2518,1.2974,1.3493,1.4085,1.4774,1.5589,3.8746
119.66,-15.586,2.3502,-7.6058,-16.195,-5.5075,-11.851,6.0262,-6.5829,14.893,0.50791,-0.10907,-0.71265,1.0585,1.0804,1.1064,1.136,1.1705,1.2092,1.2539,1.3044,1.3616,1.427,1.5007,1.5829,1.6727,3.8746
116.1,-14.156,3.1653,-6.7341,-18.063,-0.5903,-13.477,10.282,-4.8969,11.772,3.4582,-0.0019258,-2.4309,1.0524,1.0711,1.094,1.1192,1.1489,1.1815,1.2188,1.2605,1.3078,1.3612,1.4217,1.4905,1.5693,3.8746
112.58,-11.868,4.2767,-4.5364,-21.599,-0.3432,-16.087,12.881,-3.4352,6.3374,2.9398,-3.2855,-1.0555,1.0571,1.0769,1.0996,1.1262,1.1567,1.1914,1.2305,1.2746,1.3245,1.3802,1.4427,1.5125,1.5892,3.8746
116.19,-16.725,0.77856,-6.421,-17.645,-3.2452,-14.215,6.646,-3.0326,13.262,1.3455,-1.85,0.95339,1.0584,1.0799,1.1047,1.133,1.1651,1.2014,1.2426,1.2885,1.3397,1.3971,1.4616,1.5341,1.6154,3.8746
115.03,-15.997,3.1983,-4.685,-18.871,-5.4139,-14.917,9.26,-4.2938,15.459,2.9592,-2.7063,-3.4158,1.0559,1.0763,1.0996,1.1261,1.1559,1.189,1.2265,1.2688,1.3164,1.3704,1.4321,1.5031,1.585,3.8746
113.13,-11.628,2.7398,-4.9822,-17.837,-1.243,-20.498,11.448,-8.1415,5.6602,8.3926,1.5269,-4.8668,1.0519,1.0728,1.0959,1.1226,1.1531,1.1879,1.2272,1.2717,1.322,1.3785,1.4429,1.5166,1.6015,3.8746
114.42,-15.194,6.1559,-2.567,-16.792,-4.1127,-14.58,12.807,-6.349,7.9474,3.8913,-3.7722,-6.5819,1.0559,1.0781,1.1029,1.1318,1.1645,1.2016,1.2429,1.2892,1.3409,1.3987,1.4634,1.5351,1.6142,3.8746
118.42,-15.895,2.9072,-4.6498,-14.41,-4.8671,-13.808,3.7338,-3.1871,12.306,0.3827,3.3009,2.6439,1.0518,1.0709,1.0934,1.1185,1.1471,1.1785,1.2147,1.2544,1.2995,1.35,1.4077,1.4736,1.5496,3.8746
114.01,-13.146,3.2359,-5.2727,-18.384,1.7317,-17.676,9.3497,-2.2344,7.8449,9.3227,-2.5046,-4.3261,1.054,1.0738,1.0966,1.1223,1.1514,1.1844,1.2215,1.2631,1.3102,1.3632,1.4234,1.4923,1.5709,3.8746
116.23,-16.679,1.0012,-6.0178,-17.915,-2.6875,-14.688,9.1568,-4.6944,14.183,2.3701,-1.2773,0.00095111,1.0655,1.0886,1.1153,1.1456,1.1804,1.2193,1.2638,1.314,1.3713,1.4368,1.5112,1.5948,1.6863,4.0915
113.71,-12.984,2.2868,-5.9617,-21.034,5.3143,-17.636,12.493,-2.7594,10.976,1.5236,1.3023,-0.54755,1.0539,1.0732,1.0952,1.1206,1.1495,1.1823,1.219,1.2607,1.3078,1.3612,1.4221,1.4922,1.573,4.0915
115.57,-14.971,2.3207,-4.2796,-18.477,-4.3463,-14.387,11.816,-4.0375,5.2192,-1.3781,-1.6239,-1.3305,1.0685,1.0926,1.1199,1.1511,1.1863,1.2251,1.2689,1.3174,1.3708,1.4296,1.4944,1.5638,1.6345,4.0915
117.41,-17.022,4.93,-5.135,-18.745,-4.6943,-11.926,9.0699,-7.1844,15.95,4.5582,-2.9387,0.071531,1.0495,1.0695,1.0931,1.1205,1.1515,1.1868,1.2266,1.2713,1.3214,1.3778,1.4419,1.5149,1.5972,4.0915
112.97,-13.267,3.0552,-4.8771,-15.071,1.6571,-17.43,11.413,-5.6136,7.9953,7.945,-1.1357,-5.9848,1.0611,1.0822,1.1074,1.1353,1.1667,1.2014,1.2402,1.2834,1.3316,1.3859,1.4473,1.5181,1.5993,4.0915
113.61,-14.917,6.3521,-2.1043,-17.572,-5.2863,-12.017,11.908,-6.1319,6.2486,4.2647,-8.1798,0.056753,1.0494,1.068,1.0889,1.114,1.1421,1.1745,1.2106,1.2516,1.2976,1.3499,1.4091,1.4773,1.5564,4.0915
118.93,-16.986,2.4941,-5.907,-16.07,-3.4114,-14.249,5.1799,-4.055,13.447,3.6702,2.6115,1.4258,1.0563,1.0777,1.1034,1.1324,1.1656,1.2034,1.2462,1.2939,1.3484,1.4097,1.4793,1.5567,1.6408,4.0915
116.81,-14.964,0.60516,-6.6991,-17.839,-2.1611,-15.118,10.34,-4.7012,12.478,6.5303,-1.5359,-3.5229,1.0541,1.0746,1.0978,1.1246,1.1545,1.1882,1.2256,1.2678,1.3149,1.3684,1.4292,1.499,1.5794,4.0915
114.4,-12.055,1.6413,-4.7991,-17.833,-0.83555,-18.446,13.025,-4.1221,8.3662,3.5846,-4.6015,-4.4674,1.0554,1.0757,1.0997,1.1267,1.1578,1.193,1.2327,1.2771,1.3273,1.3837,1.4476,1.5201,1.6024,4.0915
116.35,-16.119,1.4556,-7.3614,-14.743,-2.4695,-14.674,8.6222,-3.1458,13.075,2.4853,-4.8398,-1.7826,1.0622,1.0845,1.1104,1.1398,1.1735,1.2107,1.2531,1.3006,1.3543,1.415,1.4833,1.5599,1.6449,4.0915
115.82,-14.673,3.3061,-5.7261,-16.317,-3.2043,-10.818,10.8,-7.7583,13.383,3.8883,1.2068,-1.5372,1.0564,1.077,1.1016,1.1287,1.1598,1.194,1.2332,1.2767,1.3262,1.3818,1.4451,1.5171,1.5989,4.0915
112.45,-11.101,4.0472,-4.4936,-18.025,1.035,-17.314,11.205,-7.5363,7.7914,3.095,1.6588,2.1527,1.056,1.0763,1.1,1.1269,1.1577,1.1917,1.2305,1.2741,1.3234,1.3791,1.4428,1.5163,1.6023,4.0915
114.94,-15.906,4.3545,-3.3315,-15.599,-6.248,-16.151,11.417,0.014121,13.103,2.2329,-8.4508,-5.2054,1.0597,1.0815,1.1068,1.136,1.1688,1.2059,1.2475,1.2947,1.3475,1.4067,1.4728,1.5452,1.6247,4.0915
118.73,-15.631,2.8746,-5.7759,-15.491,-4.8476,-13.444,2.8112,-6.6701,15.333,2.4214,1.3061,-1.1465,1.0534,1.0726,1.0951,1.1206,1.1496,1.182,1.2183,1.2591,1.3044,1.3553,1.4126,1.4781,1.5529,4.0915
114.97,-14.765,1.5617,-4.9177,-16.399,-0.68303,-17.059,8.8811,-3.0852,8.567,8.7622,-3.1911,-3.8273,1.0568,1.0749,1.0975,1.123,1.1525,1.1861,1.2239,1.2666,1.3142,1.3675,1.4269,1.4934,1.5682,4.0915
115.34,-15.772,1.7929,-4.152,-17.352,-2.2836,-13.52,9.1206,-7.4672,12.396,4.9998,3.1547,-0.5814,1.0597,1.0826,1.1084,1.1388,1.173,1.2126,1.2568,1.3069,1.3635,1.4266,1.4964,1.5737,1.6575,4.4716
113.22,-12.038,1.3625,-3.6309,-18.265,2.0934,-17.679,19.727,-6.826,6.1587,3.5707,4.1186,-5.2127,1.0566,1.0758,1.0982,1.1238,1.1534,1.1863,1.2238,1.266,1.3138,1.3679,1.4298,1.5007,1.5822,4.4716
117.25,-14.954,1.9423,-6.5173,-18.438,-1.4961,-14.534,10.633,-5.0079,5.345,2.0757,-2.6959,-4.0647,1.0655,1.0875,1.1127,1.1413,1.1734,1.2104,1.2514,1.2979,1.3499,1.4085,1.4726,1.5435,1.62,4.4716
118.7,-16.295,2.839,-5.2599,-17.305,-4.2864,-13.403,7.523,-5.6963,16.264,5.8293,-0.90985,-4.7811,1.0576,1.0793,1.1044,1.1327,1.1646,1.2003,1.2402,1.2846,1.3339,1.3894,1.4518,1.5223,1.6016,4.4716
112.58,-13.546,4.2027,-6.2295,-18.608,1.7909,-18.4,8.7807,-1.2447,8.1449,4.1032,2.0947,0.37666,1.0552,1.0756,1.0988,1.1256,1.1555,1.1889,1.2261,1.2676,1.3139,1.3655,1.4238,1.4899,1.5644,4.4716
112.05,-14.888,7.5931,-5.0415,-15.845,-1.6394,-11.939,10.886,-8.9093,2.0166,5.4948,-6.7402,-2.111,1.0547,1.0741,1.0963,1.1217,1.1501,1.1823,1.2183,1.2591,1.305,1.3573,1.4169,1.4865,1.5683,4.4716
118.19,-18.489,1.4232,-7.0429,-16.317,-2.5583,-16.167,1.2948,-4.9874,15.858,4.7854,1.3129,1.5081,1.0577,1.0793,1.1043,1.1332,1.1663,1.2036,1.246,1.2942,1.3487,1.4108,1.4813,1.5607,1.6475,4.4716
116.18,-14.737,3.7205,-5.3916,-20.726,-1.8851,-16.354,10.697,-4.5849,11.462,5.5018,-0.82087,-1.8082,1.0487,1.0685,1.0905,1.1164,1.1451,1.1784,1.2151,1.2567,1.303,1.3554,1.4149,1.4828,1.5605,4.4716
114.43,-11.913,3.0702,-4.1627,-19.012,-0.226,-18.277,15.455,-6.3329,4.8085,3.7367,1.4056,-3.6286,1.0683,1.0902,1.1162,1.1451,1.1783,1.2148,1.2569,1.3034,1.3553,1.4128,1.4767,1.548,1.6257,4.4716
116.44,-16.138,-0.32558,-5.8668,-15.688,-2.0475,-13.564,12.263,-4.0479,9.3831,4.0841,1.8956,-3.5543,1.0588,1.0796,1.1031,1.1303,1.1609,1.1961,1.2353,1.2798,1.3295,1.3859,1.4492,1.5204,1.5993,4.4716
114.59,-15.918,3.4814,-3.4578,-17.465,-4.1525,-12.517,9.9725,-6.3569,14.066,3.1128,1.551,-1.9298,1.0561,1.0779,1.1014,1.1286,1.1587,1.1925,1.2306,1.2732,1.3211,1.3752,1.4368,1.5073,1.5873,4.4716
110.75,-12.325,3.4989,-2.4888,-17.861,-2.3521,-18.208,11.17,-7.3029,3.3047,3.7982,2.4779,2.9566,1.0549,1.0747,1.0979,1.1241,1.1538,1.1878,1.2257,1.2683,1.3164,1.3708,1.4327,1.5037,1.585,4.4716
114.25,-14.592,3.0949,-5.8385,-18.635,-4.1244,-13.883,10.804,-4.5575,8.8461,2.4595,-3.3361,-2.7156,1.0577,1.0793,1.105,1.1344,1.168,1.2062,1.2494,1.2981,1.3531,1.415,1.4834,1.5586,1.6401,4.4716
118.8,-16.289,1.1048,-6.2208,-16.282,-7.7225,-15.622,2.0984,-4.3414,14.286,-0.013734,-2.0795,-1.7029,1.0499,1.0679,1.0891,1.1134,1.1414,1.1728,1.2084,1.2483,1.2934,1.3442,1.4019,1.4678,1.5441,4.4716
114.84,-14.509,1.7596,-6.0607,-17.404,2.4252,-17.221,11.283,-1.3406,6.7725,5.9618,-5.2053,0.11978,1.0587,1.0782,1.101,1.1267,1.156,1.1891,1.2264,1.2681,1.3146,1.3667,1.4252,1.491,1.5649,4.4716
115.29,-15.538,3.5425,-3.0951,-18.672,-1.9976,-14.366,9.9495,-7.6153,12.833,4.2808,-0.14,-4.7162,1.0626,1.0839,1.1099,1.1387,1.1722,1.2092,1.252,1.2997,1.3534,1.4134,1.4811,1.5567,1.6395,4.6356
113.58,-12.933,2.9605,-3.4467,-19.455,-0.063963,-17.267,16.304,-6.965,5.4361,4.5498,4.4937,-6.935,1.0521,1.0724,1.0957,1.122,1.1519,1.1859,1.2241,1.2671,1.3156,1.3708,1.4339,1.5066,1.5907,4.6356
116.9,-15.703,0.8034,-6.1133,-18.271,-6.5225,-17.55,12.714,-4.0516,0.54582,-1.7528,0.90212,-1.9969,1.0681,1.0908,1.1168,1.1462,1.1794,1.2162,1.2581,1.3045,1.3563,1.4143,1.4792,1.5506,1.626,4.6356
117.78,-17.574,2.9086,-6.2149,-19.942,-7.34,-15.417,5.1837,-6.5375,14.143,3.4468,0.22079,-0.19273,1.0579,1.0789,1.1029,1.1296,1.1599,1.1942,1.233,1.277,1.3269,1.3831,1.4469,1.5194,1.6006,4.6356
113.32,-12.544,3.2672,-7.7185,-20.197,-0.32748,-16.002,9.3887,-5.532,7.9405,10.67,-0.85716,-7.8936,1.0631,1.0834,1.1074,1.1336,1.1634,1.1963,1.2328,1.2728,1.3176,1.3673,1.4233,1.4865,1.5575,4.6356
112.29,-13.565,5.2338,-6.8206,-14.209,2.8175,-13.737,10.357,-7.2789,4.6981,4.7074,-7.9484,-1.811,1.047,1.0661,1.088,1.1135,1.1424,1.1754,1.2124,1.2539,1.301,1.3541,1.4147,1.4843,1.5658,4.6356
118.36,-18.857,2.2835,-6.4979,-16.567,-1.5425,-14.371,7.5109,-1.3058,14.064,7.214,5.0731,4.8771,1.0578,1.0794,1.1044,1.133,1.1653,1.2026,1.2444,1.2918,1.3452,1.4058,1.4741,1.5508,1.6368,4.6356
117.42,-14.149,2.3925,-6.715,-18.654,-1.765,-15.712,9.1035,-4.438,10.942,3.2562,0.84416,-2.2924,1.0567,1.0767,1.1004,1.1269,1.1574,1.1912,1.2298,1.273,1.3217,1.3765,1.4387,1.5094,1.5908,4.6356
112.29,-12.096,3.1755,-5.0612,-19.532,0.91221,-16.395,8.3805,-5.7036,8.7968,2.8676,7.3278,0.40702,1.0609,1.083,1.1081,1.1372,1.1699,1.2074,1.2494,1.2972,1.3511,1.4123,1.4812,1.5583,1.6404,4.6356
114.55,-16.87,1.0193,-4.551,-18.678,-2.3527,-14.533,6.5945,-6.7278,9.9329,-0.43573,1.0742,6.5862,1.0543,1.0751,1.0985,1.1258,1.1564,1.191,1.2303,1.2741,1.3232,1.3783,1.4401,1.5103,1.5902,4.6356
114.74,-16.845,1.6587,-5.3491,-16.765,-4.9207,-13.53,7.214,-6.1534,18.172,5.6305,3.0922,-0.62544,1.057,1.0788,1.103,1.1309,1.1622,1.1971,1.2364,1.2805,1.3301,1.386,1.4499,1.523,1.6063,4.6356
111.57,-13.389,1.1222,-3.2274,-15.162,-0.0092321,-17.737,8.7227,-9.2642,10.109,10.326,1.9657,-0.20303,1.0538,1.0731,1.0959,1.1218,1.1513,1.184,1.2211,1.2625,1.3091,1.3617,1.4215,1.4903,1.5705,4.6356
115.53,-15.108,3.7686,-4.4112,-17.877,-4.3523,-12.109,12.347,-6.6371,9.2149,5.2768,-6.8751,-3.5644,1.0595,1.081,1.1072,1.1362,1.1701,1.2077,1.2501,1.2979,1.351,1.4098,1.4741,1.5442,1.6198,4.6356
118.28,-15.14,2.4194,-6.6537,-17.701,-5.1856,-10.987,4.48,-2.679,15.382,-3.0397,-0.67941,4.4233,1.0497,1.0678,1.0892,1.1136,1.1413,1.1726,1.2077,1.2471,1.2914,1.3416,1.3983,1.4637,1.5396,4.6356
116.38,-15.172,0.47861,-5.2208,-17.574,2.2104,-14.54,13.397,-2.4174,7.2373,10.049,-2.4913,-2.7826,1.0546,1.0743,1.0967,1.1228,1.1523,1.1862,1.2241,1.2665,1.3143,1.3683,1.4296,1.4997,1.5793,4.6356
115.2,-16.603,2.374,-4.5415,-18.757,-3.6344,-16.045,7.6527,-7.772,15.207,4.4351,-3.1416,-3.3681,1.0555,1.0767,1.1007,1.1287,1.1601,1.1962,1.2361,1.2809,1.3304,1.3858,1.4471,1.5146,1.5885,5.0107
111.76,-12.657,5.4741,-6.0983,-20.348,1.1356,-17.162,12.119,-6.7563,11.346,5.3256,-1.3772,-1.5517,1.0544,1.0737,1.0977,1.124,1.1545,1.1886,1.2269,1.2696,1.318,1.3726,1.4351,1.5074,1.592,5.0107
116.72,-14.251,2.4461,-5.1767,-17.595,-3.3997,-14.641,11.93,-6.4959,3.8223,2.0559,-0.86316,-4.817,1.0588,1.08,1.1045,1.133,1.1652,1.2017,1.2427,1.2887,1.3401,1.3973,1.4609,1.5314,1.6089,5.0107
118.13,-16.912,3.512,-5.5684,-19.019,-4.28,-12.904,5.0703,-7.8266,17.592,5.1492,-2.1171,-0.68497,1.0531,1.0754,1.0995,1.1277,1.1587,1.194,1.2332,1.2778,1.3278,1.3844,1.4487,1.5227,1.6059,5.0107
114.42,-12.883,2.8397,-5.831,-18.252,-0.53801,-15.83,11.022,-5.0954,7.5494,10.089,-0.56441,-2.4419,1.0553,1.0751,1.0983,1.1244,1.1542,1.1872,1.2242,1.2651,1.3107,1.3616,1.4188,1.4841,1.5589,5.0107
112.82,-14.04,4.1472,-5.7059,-16.613,-2.4678,-12.232,15.488,-4.197,1.4226,0.46046,-5.4341,-0.21588,1.053,1.0717,1.0941,1.1192,1.1481,1.1806,1.2175,1.2589,1.3056,1.3582,1.4174,1.4848,1.5621,5.0107
119.38,-18.44,1.7969,-7.8835,-17.267,-1.1043,-14.277,8.2959,-0.59745,13.839,5.4074,0.56853,0.0945,1.0568,1.0789,1.104,1.133,1.1656,1.2028,1.2442,1.2913,1.3443,1.4046,1.473,1.55,1.6357,5.0107
116.31,-15.455,2.021,-5.5764,-18.582,-4.3189,-15.937,10.759,-4.3859,12.384,5.3432,-1.0852,-4.0079,1.0529,1.0741,1.0977,1.1254,1.1561,1.1911,1.2302,1.2742,1.3235,1.3788,1.4409,1.5111,1.5917,5.0107
112.4,-12.31,1.3008,-3.6104,-16.722,-2.7853,-17.436,13.467,-4.2937,9.777,3.0153,1.2674,-6.869,1.0649,1.088,1.1149,1.1456,1.1803,1.2194,1.2628,1.3103,1.3632,1.4212,1.4854,1.5565,1.6337,5.0107
116.63,-15.363,0.40739,-6.7353,-14.685,-3.5423,-14.036,9.6893,-8.6823,7.5014,4.1471,-1.5735,-2.5369,1.0588,1.0802,1.1052,1.1334,1.1656,1.2016,1.2424,1.2878,1.3386,1.3953,1.4596,1.532,1.6118,5.0107
114.53,-16.532,3.1257,-5.3233,-17.209,-3.9086,-9.632,7.792,-6.5096,19.041,9.9112,4.8468,-2.7774,1.0592,1.0803,1.1048,1.1321,1.1633,1.1987,1.2382,1.2824,1.3322,1.3887,1.4532,1.5274,1.6132,5.0107
110.02,-12.957,4.786,-4.4119,-14.078,2.5721,-18.149,10.368,-7.5209,9.3397,10.115,2.2339,1.5838,1.0525,1.073,1.0953,1.1218,1.1507,1.1843,1.2216,1.264,1.3118,1.3663,1.4284,1.5003,1.5842,5.0107
114.97,-14.337,3.063,-5.482,-16.755,-3.0355,-14.858,11.808,-5.5861,8.0511,2.8163,-5.3419,-2.0094,1.0578,1.0787,1.1044,1.1329,1.1661,1.2034,1.2453,1.293,1.3463,1.4067,1.4744,1.5493,1.6314,5.0107
120.39,-15.099,1.5756,-8.1534,-16.519,-3.6464,-11.924,4.2306,-5.6649,12.343,-1.3273,0.23798,1.1435,1.0474,1.0657,1.0865,1.1106,1.1377,1.1685,1.2031,1.2419,1.2855,1.335,1.3913,1.4559,1.5305,5.0107
116.34,-15.56,0.5792,-5.3199,-19.775,-0.29061,-16.489,12.955,-0.099299,7.4469,7.393,-3.8826,1.2228,1.0602,1.0814,1.1056,1.1322,1.1623,1.196,1.2339,1.2761,1.3234,1.3761,1.436,1.5038,1.5817,5.0107
115.86,-15.125,3.2893,-4.2915,-18.188,-4.959,-13.591,9.7281,-6.1742,13.858,1.4252,-0.14207,-2.1716,1.0556,1.0777,1.1022,1.1312,1.1635,1.2001,1.2411,1.2872,1.3382,1.3948,1.4568,1.524,1.5974,4.3892
112.89,-12.487,3.9075,-2.4614,-16.65,-0.41427,-20.056,12.748,-3.9701,9.0806,5.7436,1.0604,0.6887,1.0547,1.0753,1.0992,1.1268,1.1581,1.1933,1.233,1.2778,1.3282,1.3853,1.4502,1.5248,1.6103,4.3892
115.89,-15.324,4.0897,-4.1743,-18.22,-1.8096,-14.435,10.058,-6.4657,5.8073,1.4625,-1.8686,-1.0501,1.0584,1.0794,1.1017,1.1285,1.1579,1.192,1.2296,1.2722,1.32,1.3744,1.436,1.5067,1.5885,4.3892
118.99,-16.354,3.6052,-4.1591,-16.38,-3.1293,-14.492,3.064,-5.4699,12.144,1.9424,0.28739,-0.05902,1.0554,1.0757,1.1,1.1277,1.1596,1.1953,1.2361,1.2819,1.3332,1.3908,1.4556,1.5279,1.6085,4.3892
113.32,-13.4,4.4749,-6.1113,-19.748,-0.54057,-18.216,9.717,0.93246,7.2588,6.5375,-1.0177,1.7876,1.0514,1.0701,1.0912,1.1162,1.1443,1.1764,1.2126,1.2534,1.299,1.3505,1.4089,1.476,1.5541,4.3892
110.87,-14.409,4.8595,-5.0042,-15.784,-2.6029,-16.466,14.251,-2.5643,8.4832,1.8426,-8.9392,-2.793,1.0605,1.0804,1.1038,1.1299,1.1595,1.1925,1.2296,1.2712,1.3174,1.3694,1.428,1.4945,1.5704,4.3892
118.59,-18.371,1.1251,-10.71,-18.765,-0.97657,-15.299,4.0969,-2.7829,13.625,1.6627,-0.96773,5.502,1.0546,1.0773,1.1027,1.1327,1.1661,1.2042,1.2466,1.2952,1.3499,1.412,1.4825,1.5623,1.6497,4.3892
115.95,-15.414,3.456,-6.3888,-18.392,-2.987,-14.81,12.832,-4.363,9.1832,4.0259,-2.405,-3.9929,1.0539,1.0742,1.0975,1.1242,1.1548,1.189,1.2277,1.271,1.3195,1.3745,1.4368,1.508,1.5899,4.3892
111.75,-12.582,2.8646,-3.4689,-16.983,-2.5483,-13.982,18.905,-5.7864,2.9554,4.0632,6.2619,-3.7304,1.0606,1.0813,1.1049,1.1323,1.1633,1.1986,1.2382,1.2828,1.3326,1.3877,1.4489,1.5163,1.5905,4.3892
116.76,-15.169,1.6318,-2.6969,-16.282,-6.6325,-17.138,11.847,-2.4933,9.4475,1.7561,-4.437,-4.6817,1.0564,1.0769,1.1001,1.1271,1.1576,1.1927,1.2313,1.2745,1.3229,1.3771,1.4378,1.5057,1.5812,4.3892
115.09,-16.307,3.1804,-4.9971,-17.378,-5.0764,-9.7262,9.7375,-3.8093,19.211,5.224,0.17989,-2.7635,1.0568,1.0787,1.1034,1.1314,1.163,1.1986,1.2383,1.2828,1.3327,1.3889,1.4528,1.5258,1.6081,4.3892
110.23,-13.224,3.8517,-3.1941,-18.764,-0.61971,-13.954,11.568,-7.7083,7.6204,9.3466,1.0646,-1.8645,1.0505,1.0697,1.0917,1.1168,1.145,1.1771,1.2128,1.253,1.2985,1.35,1.4092,1.4778,1.5587,4.3892
113.44,-15.464,4.3053,-5.1442,-18.311,-3.5926,-15.269,9.0873,-7.3415,7.2967,3.44,-3.8315,0.7533,1.0588,1.0807,1.1068,1.1364,1.1704,1.2085,1.2522,1.3014,1.3574,1.4208,1.4919,1.5706,1.656,4.3892
118.41,-16.233,1.4348,-7.8785,-16.761,-7.2141,-12.702,4.1473,-8.6756,12.651,0.59015,1.8326,1.9779,1.0481,1.0667,1.0875,1.1119,1.1394,1.1704,1.2056,1.2451,1.2895,1.3397,1.3966,1.4617,1.5366,4.3892
116.3,-14.645,0.91469,-6.5772,-19.742,-0.13732,-17.949,14.636,0.21266,10.417,7.9402,-4.0516,0.71994,1.0589,1.0818,1.1067,1.1353,1.1669,1.2026,1.2431,1.2889,1.3406,1.3991,1.4658,1.5415,1.6267,4.3892
116.19,-14.847,3.5573,-3.7106,-19.763,-3.8055,-14.477,11.589,-7.9379,12.967,1.8089,-1.8538,-3.0061,1.0579,1.0788,1.1026,1.1297,1.1601,1.1944,1.2332,1.2769,1.3254,1.3796,1.4403,1.5085,1.5854,4.1725
112.81,-11.934,2.2974,-3.5526,-18.634,-0.54952,-18.208,12.317,-7.5123,9.545,6.6662,2.893,-5.3651,1.0616,1.0822,1.1053,1.1319,1.1615,1.1945,1.2319,1.2736,1.3205,1.3731,1.4332,1.5015,1.5794,4.1725
114.77,-16.089,3.5191,-3.2292,-16.929,-6.066,-17.844,9.2489,-3.5833,9.358,1.4983,-6.6081,-5.6211,1.0554,1.0767,1.1004,1.1282,1.1593,1.1951,1.2347,1.2796,1.3303,1.3877,1.453,1.5278,1.6139,4.1725
118.36,-16.635,2.9047,-4.7642,-18.725,-5.1654,-15.426,1.8144,-9.3819,11.887,2.7233,-0.62746,0.46205,1.0552,1.0767,1.1001,1.1279,1.1588,1.1948,1.2341,1.2788,1.3278,1.3833,1.4453,1.5145,1.5911,4.1725
114.07,-13.272,-0.060839,-5.6781,-16.518,0.32176,-19.582,7.7182,-3.5231,12.782,9.9126,-4.4221,-2.7566,1.0576,1.0768,1.0987,1.1238,1.1519,1.1834,1.2189,1.2586,1.3034,1.3539,1.4114,1.4773,1.5532,4.1725
112.03,-14.122,2.1119,-3.782,-14.618,0.80117,-14.276,12.207,-3.467,9.2183,3.9112,-1.6295,-3.7853,1.062,1.0802,1.102,1.1267,1.1552,1.1875,1.2236,1.2641,1.3096,1.3606,1.4181,1.4826,1.5544,4.1725
118.45,-17.842,2.3139,-6.1929,-14.666,-3.6835,-14.606,8.7714,-3.668,11.83,3.9332,-1.1725,3.8533,1.0614,1.0851,1.1105,1.1409,1.1744,1.2128,1.2555,1.3041,1.3587,1.4206,1.4909,1.5707,1.6586,4.1725
116,-14.425,3.7113,-7.6291,-17.4,1.3296,-13.099,10.472,-5.9452,11.508,4.2167,-4.0581,-1.9486,1.0518,1.0715,1.0941,1.1203,1.1495,1.1832,1.2204,1.2626,1.3102,1.364,1.4253,1.4955,1.577,4.1725
111.63,-12.132,2.0719,-6.9038,-17.34,2.0388,-16.035,12.652,-4.1993,6.7218,-0.17128,0.51838,0.91347,1.0667,1.0888,1.1137,1.1424,1.1745,1.2102,1.2498,1.2939,1.3427,1.3968,1.456,1.5199,1.5867,4.1725
116.87,-15.113,0.39279,-5.9623,-17.573,-5.5537,-18.136,8.0603,-0.82756,11.082,0.34186,-9.2159,-2.9626,1.0543,1.075,1.0993,1.127,1.1588,1.1946,1.2351,1.2801,1.3305,1.3865,1.4488,1.5176,1.5927,4.1725
116.16,-16.502,0.048657,-7.8302,-16.943,-5.5364,-11.788,6.5326,-5.6368,16.283,5.2013,3.4442,-2.2293,1.0608,1.0822,1.1068,1.1344,1.1654,1.1996,1.2378,1.2805,1.3279,1.3816,1.4422,1.5114,1.5898,4.1725
110.57,-12.922,1.8863,-2.3361,-16.18,-2.0848,-16.919,11.489,-7.1286,10.511,6.9851,-4.5114,0.84888,1.0492,1.0678,1.0894,1.1141,1.1424,1.1742,1.2105,1.2512,1.297,1.3489,1.4078,1.4758,1.5541,4.1725
113.89,-15.18,2.0435,-2.5028,-15.82,-4.3621,-15.495,11.775,-5.8283,8.9148,4.6312,-4.4615,1.6629,1.0554,1.077,1.102,1.1309,1.1633,1.2005,1.2419,1.2886,1.3412,1.4005,1.4671,1.5418,1.6234,4.1725
119.43,-16.625,1.6292,-6.9883,-15.336,-2.4522,-14.929,3.4845,-4.6918,12.225,1.7758,0.55781,2.5687,1.0519,1.0714,1.0935,1.1194,1.1483,1.1811,1.2178,1.2593,1.3056,1.3577,1.4164,1.483,1.559,4.1725
116.96,-14.49,0.19669,-4.8934,-19.766,-2.6323,-17.16,13.922,-2.2294,9.7704,10.331,-0.066969,-4.5359,1.054,1.0734,1.0964,1.123,1.1531,1.188,1.2267,1.2704,1.3195,1.3746,1.4372,1.5085,1.5893,4.1725
115.16,-15.312,2.4388,-4.2519,-20.987,-5.154,-11.772,8.3041,-11.496,13.983,3.5548,3.641,-3.3568,1.0576,1.0791,1.1039,1.1323,1.1645,1.2006,1.2419,1.2874,1.3385,1.3948,1.4579,1.5285,1.6072,4.029
110.98,-12.947,3.9228,-3.3935,-21.064,-2.0899,-16.387,14.858,-6.8073,7.2278,5.6838,1.8651,3.2695,1.0584,1.079,1.1031,1.1302,1.1609,1.1946,1.2332,1.2761,1.3245,1.3793,1.4417,1.5133,1.5954,4.029
115.98,-16.185,3.4182,-1.8967,-17.761,-6.3761,-16.775,12.201,-2.8143,7.2248,5.1044,-3.0493,-5.4124,1.0496,1.0687,1.091,1.1168,1.1461,1.1791,1.2164,1.2581,1.3052,1.3582,1.4188,1.488,1.5674,4.029
119.17,-16.136,3.1752,-3.8094,-18.889,-5.316,-14.986,1.7009,-4.9745,14.648,1.6145,-1.7262,-3.396,1.0585,1.08,1.1046,1.1328,1.1649,1.202,1.2433,1.2903,1.3428,1.4015,1.4664,1.5379,1.6159,4.029
114.8,-15.069,2.235,-3.148,-17.753,-1.1706,-17.193,12.562,-0.83579,8.4086,8.8117,-2.8448,-3.2766,1.0541,1.0732,1.0946,1.1193,1.1472,1.1783,1.2137,1.2528,1.2973,1.3473,1.4047,1.4704,1.5474,4.029
110.89,-14.206,1.6754,-3.4943,-16.767,-0.16879,-13.828,14.634,-10.063,5.1298,7.8739,2.6195,-4.8737,1.0606,1.0802,1.1021,1.1275,1.1561,1.1892,1.2262,1.2683,1.3156,1.3689,1.4289,1.4971,1.5737,4.029
117.05,-17.436,0.65777,-3.9575,-15.212,-5.6632,-14.609,5.5835,-4.4479,14.601,4.2221,1.1564,-1.3665,1.0614,1.0841,1.1102,1.1397,1.1737,1.2116,1.2546,1.3028,1.3569,1.4168,1.4833,1.5568,1.6356,4.029
114.9,-15.56,1.9452,-4.3077,-17.602,-2.7676,-19.016,14.094,-2.5681,11.392,2.4531,-1.0927,-2.2358,1.0534,1.0738,1.0966,1.123,1.1527,1.1864,1.2241,1.2667,1.3145,1.369,1.4311,1.503,1.5866,4.029
112.22,-12.727,3.1264,-6.5377,-18.134,0.901,-14.771,14.438,-7.1924,3.3455,-1.4665,4.7443,2.2578,1.0712,1.0946,1.1201,1.1498,1.1824,1.2192,1.26,1.3059,1.3569,1.4143,1.4775,1.5471,1.6223,4.029
116.33,-15.28,2.3922,-6.8604,-19.424,-4.8323,-14.765,11.331,-2.8378,7.0971,0.53565,-5.1363,-0.61182,1.0614,1.0833,1.1092,1.1387,1.1719,1.2087,1.2498,1.2956,1.3466,1.4031,1.4651,1.533,1.6071,4.029
116.21,-16.062,1.5136,-6.3419,-17.117,-6.1274,-12.772,7.1568,-1.5917,17.608,2.8255,0.63109,-1.8143,1.0579,1.0776,1.1005,1.1263,1.1558,1.1889,1.2263,1.2683,1.3152,1.368,1.4276,1.4951,1.5714,4.029
111.9,-11.402,3.1094,-5.082,-16.573,0.36506,-19.552,11.243,-3.6176,8.7069,6.3711,-6.2636,0.84665,1.0477,1.0669,1.0878,1.1131,1.1411,1.1737,1.2099,1.2515,1.2976,1.3505,1.4105,1.4799,1.5616,4.029
113.87,-15.927,3.9055,-4.4494,-16.249,-1.1146,-14.077,10.24,-8.4741,8.4116,6.6405,-1.8673,-3.2346,1.0578,1.0796,1.1058,1.1349,1.1689,1.2074,1.251,1.3001,1.356,1.4196,1.4919,1.5741,1.665,4.029
118.8,-17.045,3.5458,-5.7849,-14.681,-0.45385,-16.836,2.8421,-4.5477,13.992,1.8359,-0.33986,2.1261,1.0508,1.0698,1.0915,1.1164,1.1445,1.176,1.2114,1.251,1.2956,1.3456,1.4022,1.4664,1.5402,4.029
117.83,-15.015,-0.53326,-5.4309,-19.048,-2.8067,-20.825,10.549,-0.062955,10.864,11.087,-1.1272,-2.9791,1.0522,1.0726,1.0951,1.1222,1.1523,1.1877,1.2261,1.2703,1.3191,1.3736,1.4333,1.4987,1.5688,4.029
115.61,-16.688,3.7572,-5.41,-18.268,-2.7032,-15.197,6.9534,-10.281,14.165,4.683,0.62064,-3.5226,1.0529,1.0739,1.0971,1.1245,1.155,1.1897,1.2283,1.272,1.3204,1.3752,1.4372,1.5082,1.5904,4.4853
111.12,-13.523,4.4843,-5.1645,-17.94,3.0251,-15.856,10.685,-7.5447,10.757,7.9522,3.2179,-0.57537,1.0529,1.0726,1.0965,1.1233,1.1545,1.1896,1.2291,1.2735,1.3237,1.3802,1.4445,1.5183,1.6019,4.4853
114.69,-14.107,3.335,-6.3984,-17.851,-4.133,-14.784,10.126,-5.1256,11.917,2.4105,-4.5958,-1.091,1.0563,1.0757,1.099,1.1251,1.1552,1.1886,1.2269,1.2697,1.3179,1.3723,1.4343,1.5057,1.5893,4.4853
119.65,-15.929,2.9124,-3.8088,-18.341,-5.1975,-15.64,5.0938,-5.5038,12.995,-0.030739,-3.8371,-0.053608,1.0566,1.0786,1.1032,1.132,1.1637,1.1999,1.2402,1.2856,1.3364,1.3934,1.4575,1.5288,1.6065,4.4853
114.87,-14.85,0.56536,-6.0244,-19.236,2.0324,-14.488,11.043,-2.9683,12.308,10.958,-4.0465,-2.0538,1.0538,1.0733,1.0955,1.1208,1.1494,1.1814,1.2175,1.2579,1.303,1.3541,1.4122,1.4792,1.5573,4.4853
110.67,-14.146,2.7118,-3.6685,-17.683,-1.1418,-15.449,11.74,-9.8752,7.1138,6.8887,-0.69027,-5.5743,1.0605,1.0816,1.105,1.1317,1.1614,1.195,1.2321,1.2733,1.3192,1.3711,1.4298,1.4968,1.5735,4.4853
115.2,-20.518,3.2639,-5.3884,-16.41,-6.1686,-18.798,3.8922,-5.7883,12.021,6.3898,2.6988,6.1976,1.0578,1.0795,1.1049,1.1339,1.167,1.2044,1.247,1.2945,1.3481,1.4084,1.4766,1.5529,1.6358,4.4853
115.07,-15.45,2.8007,-6.6167,-16.48,-2.6288,-14.364,13.631,-9.5499,10.849,11.198,1.7552,-10.819,1.0541,1.074,1.0981,1.1244,1.155,1.1889,1.2275,1.2708,1.3197,1.3751,1.4384,1.5114,1.5955,4.4853
112.18,-11.631,1.6184,-3.2849,-17.059,-2.4627,-15.546,16.462,-8.7605,0.54962,1.4784,5.4934,-3.7195,1.0566,1.0777,1.1024,1.1303,1.1622,1.1976,1.237,1.2808,1.3293,1.3824,1.4411,1.5053,1.5741,4.4853
116.98,-14.7,1.6448,-4.699,-17.267,-6.6784,-15.453,12.254,-2.7009,5.4467,1.6437,-4.2089,-5.3829,1.06,1.0827,1.1078,1.1367,1.169,1.2052,1.246,1.2915,1.3424,1.3993,1.4633,1.5348,1.6143,4.4853
117.3,-15.388,2.1164,-6.1094,-17.649,-4.3747,-12.234,6.3867,-6.4623,15.469,3.2965,1.8113,-0.37418,1.053,1.0737,1.0963,1.1229,1.1522,1.1852,1.2218,1.2632,1.3094,1.3612,1.4194,1.4847,1.5581,4.4853
112.5,-10.974,2.5907,-6.0543,-19.851,-1.734,-15.942,9.1744,-6.7276,7.9823,8.1788,-4.0297,0.82218,1.0515,1.0708,1.0921,1.1166,1.144,1.1752,1.2105,1.2503,1.2954,1.3464,1.4042,1.4705,1.5472,4.4853
112.42,-15.303,2.0748,-7.9456,-17.964,-1.729,-13.121,10.348,-4.8738,8.019,1.9638,-4.332,0.67885,1.0631,1.0862,1.1126,1.1432,1.1778,1.2173,1.2618,1.3118,1.3684,1.4321,1.503,1.5814,1.6641,4.4853
117.99,-17.234,0.96491,-7.5399,-16.002,-6.6343,-13.566,2.358,-6.7175,13.373,1.6017,0.88535,-0.060197,1.0486,1.0667,1.0888,1.1137,1.1423,1.1748,1.2107,1.2512,1.2966,1.3475,1.4048,1.4695,1.5428,4.4853
117.6,-14.706,-0.29475,-5.2191,-19.428,-2.7338,-20.29,8.3736,-1.9747,11.539,7.9196,1.0319,-0.7439,1.0674,1.0894,1.1142,1.1426,1.1748,1.2112,1.2529,1.3,1.353,1.4122,1.4787,1.5525,1.6325,4.4853
115.9,-16.768,4.1854,-1.7604,-15.439,-2.9825,-16.808,5.6465,-9.4751,15.52,5.8818,3.2277,-6.0197,1.0513,1.071,1.0948,1.1219,1.1533,1.1888,1.2284,1.2729,1.3228,1.3792,1.4431,1.5162,1.5991,4.2487
111.77,-14.567,1.954,-2.0709,-13.154,1.2031,-17.433,8.6893,-9.2841,10.687,9.7226,2.676,-3.2852,1.0575,1.0791,1.1042,1.1324,1.1639,1.1988,1.2385,1.2829,1.3329,1.389,1.4529,1.526,1.6097,4.2487
115.74,-14.855,1.3436,-7.2992,-19.879,-4.0606,-14.27,8.6542,-8.0873,11.405,5.5269,-6.5513,-3.4263,1.0531,1.0721,1.0945,1.1198,1.1488,1.1817,1.2184,1.2599,1.3064,1.359,1.4188,1.4876,1.5672,4.2487
120.15,-16.126,0.55344,-7.1496,-18.061,-4.6873,-14.981,3.8701,-8.2656,12.851,-0.83457,-2.4469,-2.1415,1.0567,1.0787,1.1039,1.1332,1.1662,1.2039,1.2463,1.2939,1.3467,1.4058,1.4729,1.5475,1.6292,4.2487
115.72,-14.623,-0.45855,-5.326,-18.93,-0.27408,-15.838,13.368,-3.6234,10.826,7.1201,-3.0835,-0.92859,1.0511,1.0697,1.0926,1.1182,1.1479,1.1812,1.2188,1.261,1.3089,1.363,1.4249,1.4964,1.5786,4.2487
111.72,-13.282,3.2984,-5.7773,-16.405,3.0455,-18.141,10.736,-1.9965,9.7674,-5.0485,-1.2202,1.2284,1.058,1.0802,1.1055,1.1343,1.1665,1.2021,1.2424,1.2873,1.3377,1.394,1.458,1.5312,1.6141,4.2487
117.72,-17.93,3.0942,-7.1098,-16.036,-1.1107,-14.693,6.5569,-4.6234,14.67,5.1664,-3.017,3.0735,1.0559,1.0768,1.1019,1.13,1.1621,1.1982,1.2391,1.2851,1.337,1.3957,1.4621,1.537,1.6208,4.2487
115.14,-14.766,4.1248,-4.4308,-17.974,-1.883,-15.202,14.052,-4.8295,13.987,4.3962,-2.1645,-5.7004,1.0524,1.0732,1.0968,1.1238,1.1537,1.1876,1.226,1.2698,1.319,1.3748,1.4386,1.5124,1.598,4.2487
112.07,-11.776,2.4859,-3.9581,-15.552,-2.4417,-17.913,15.129,-11.374,5.2227,2.5716,3.3016,-2.7878,1.0626,1.0835,1.1092,1.1374,1.1701,1.2057,1.2467,1.292,1.3429,1.3995,1.4634,1.5363,1.6179,4.2487
117.36,-15.127,0.097346,-7.3954,-15.16,-4.7615,-15.929,9.5724,-4.8561,11.148,3.1478,-2.4776,-3.3753,1.0596,1.0806,1.1054,1.1334,1.1655,1.2023,1.2439,1.2913,1.3449,1.4056,1.4744,1.551,1.6357,4.2487
117.73,-15.563,1.5625,-6.2791,-16.715,-5.4049,-14.612,5.4501,-5.1089,14.052,1.7204,1.8832,-1.6318,1.058,1.0785,1.102,1.1289,1.1591,1.1932,1.2307,1.2728,1.3198,1.3732,1.4335,1.5019,1.5786,4.2487
113.29,-11.716,3.7117,-5.0408,-20.073,-3.8015,-16.659,10.434,-3.5992,3.8675,7.4917,-4.3546,-0.1965,1.0511,1.0695,1.0911,1.1159,1.1447,1.1773,1.2142,1.2555,1.3023,1.3551,1.4149,1.4836,1.5632,4.2487
114.65,-15.765,1.2314,-5.7258,-16.578,-1.8144,-10.729,14.618,-3.6877,8.5298,5.5102,0.18653,-3.7861,1.0608,1.0823,1.1094,1.1392,1.1744,1.2134,1.2586,1.3091,1.3661,1.4296,1.5008,1.5801,1.6666,4.2487
119.64,-16.336,0.78741,-6.8794,-16.051,-2.869,-12.941,5.6964,-3.2008,12.188,1.7832,1.0561,1.4267,1.051,1.0695,1.0909,1.1156,1.1433,1.1748,1.21,1.2497,1.294,1.3441,1.4007,1.4654,1.5395,4.2487
117.86,-14.251,0.83791,-3.4325,-19.351,-3.4661,-19.45,14.285,-0.67337,7.6667,6.5094,1.0422,-1.3646,1.0675,1.0909,1.1179,1.1493,1.1842,1.2236,1.2679,1.3174,1.3728,1.4351,1.505,1.5827,1.6675,4.2487
116.04,-16.156,2.3996,-5.0705,-19.138,-4.6084,-13.653,7.7033,-9.7359,15.57,4.7365,2.6288,-3.2552,1.0513,1.0719,1.0955,1.1232,1.1541,1.1889,1.2281,1.2721,1.3213,1.3767,1.4394,1.5107,1.5915,4.658
109.72,-14.038,3.7802,-4.7022,-16.292,-0.71739,-17.214,11.987,-5.0918,8.9694,5.7269,0.4632,-0.55854,1.0593,1.0814,1.107,1.1358,1.1682,1.2042,1.2451,1.291,1.3423,1.3996,1.4647,1.5388,1.6232,4.658
114.25,-14.87,3.528,-5.7456,-18.384,-6.4061,-13.603,15.169,-7.8571,7.1084,7.8281,-0.49152,-0.63969,1.0503,1.0693,1.0912,1.1165,1.1456,1.1781,1.2151,1.2566,1.3034,1.356,1.416,1.4844,1.5633,4.658
119.74,-16.404,2.2127,-7.1823,-19.742,-3.5002,-13.227,5.1904,-7.8052,13.108,-0.73129,-1.6297,0.38683,1.0589,1.0816,1.1071,1.1365,1.1698,1.2072,1.2494,1.2966,1.3496,1.4096,1.4774,1.5537,1.637,4.658
117.32,-13.961,0.17267,-5.7718,-18.259,-0.20346,-16.823,15.216,-1.0894,8.7726,6.1994,-6.1605,-0.17255,1.0472,1.0661,1.088,1.1132,1.1421,1.1745,1.2113,1.2526,1.2993,1.3521,1.4123,1.4814,1.5613,4.658
112.36,-13.832,2.0741,-2.3894,-16.575,-2.8994,-17.896,16.552,-2.4058,6.3928,0.754,-2.23,-4.6916,1.0486,1.0679,1.0907,1.1169,1.1467,1.1807,1.2186,1.2615,1.3097,1.3643,1.4259,1.4961,1.5759,4.658
117.8,-17.957,2.7383,-5.3811,-14.486,-4.6052,-14.76,8.8863,-3.5283,11.885,4.4763,-1.0432,0.15114,1.0635,1.0851,1.1097,1.1384,1.1711,1.2082,1.25,1.2971,1.3499,1.4094,1.4759,1.5508,1.6347,4.658
114.55,-13.911,3.3292,-5.6345,-18.33,-2.6392,-16.152,12.43,-4.0291,15.468,0.10568,-2.4512,-3.3881,1.0524,1.0721,1.0956,1.1219,1.1525,1.187,1.2261,1.2703,1.3203,1.3767,1.441,1.5143,1.5965,4.658
110.78,-12.411,4.2545,-4.4083,-16.811,0.66844,-17.984,5.0193,-12.307,11.066,1.4329,0.64601,-0.42967,1.0612,1.0828,1.1074,1.1347,1.1657,1.1999,1.2391,1.2832,1.3331,1.3898,1.4538,1.5266,1.6104,4.658
115.11,-15.293,1.9749,-5.701,-18.058,-4.8014,-15.984,8.1507,-3.4502,11.745,1.5051,-4.8581,1.6916,1.0602,1.0799,1.1036,1.1302,1.1607,1.1953,1.2341,1.2778,1.3266,1.3814,1.4422,1.5097,1.5842,4.658
117.72,-15.459,0.45841,-5.7652,-15.36,-3.7478,-15.607,3.5765,-5.9882,13.811,3.3999,2.946,-1.5417,1.0548,1.075,1.098,1.1239,1.1529,1.1853,1.2211,1.2615,1.3063,1.3566,1.4132,1.4775,1.551,4.658
114.51,-11.803,2.55,-5.2828,-15.407,-1.2799,-19.374,6.7176,-2.8741,8.8545,8.1271,-7.2278,-0.18868,1.0531,1.0723,1.0934,1.1189,1.1476,1.181,1.218,1.2598,1.3069,1.3592,1.4182,1.4846,1.5602,4.658
114.05,-15.324,1.4274,-5.1689,-16.401,-3.1905,-13.792,13.014,0.4617,13.055,0.506,-3.6387,-1.0514,1.0649,1.0884,1.1147,1.1454,1.1795,1.2181,1.2614,1.3095,1.3636,1.4234,1.4899,1.5633,1.6432,4.658
117.96,-15.988,2.7978,-6.705,-17.696,-2.8199,-12.187,6.1999,-0.70519,13.585,-1.5224,-1.8773,4.1883,1.0514,1.0699,1.092,1.1166,1.1448,1.1761,1.2119,1.2518,1.2967,1.3475,1.405,1.4706,1.5461,4.658
117.84,-14.585,0.37427,-4.5898,-18.851,-2.5849,-19.758,12.175,-2.4187,7.5725,5.6199,-0.13104,-3.8813,1.0617,1.0829,1.1073,1.1352,1.1665,1.2023,1.2418,1.2859,1.3348,1.3892,1.4499,1.5172,1.5903,4.658
115.61,-15.766,1.6045,-6.6326,-19.097,-3.3628,-13.045,6.8327,-8.536,18.689,4.3084,0.96302,-3.1099,1.0542,1.0746,1.098,1.1248,1.155,1.1892,1.2279,1.2711,1.3199,1.3744,1.436,1.5056,1.5834,4.2745
110.95,-13.119,3.3091,-6.2138,-14.935,3.2791,-14.752,7.575,-8.0981,10.582,9.5242,-5.3978,-2.0587,1.0658,1.0858,1.1101,1.1382,1.1703,1.2068,1.2479,1.2946,1.3472,1.4066,1.4734,1.549,1.6331,4.2745
115.14,-15.435,4.8768,-6.5183,-18.369,-2.0707,-14.195,8.5741,-4.8133,11.44,4.367,-2.418,1.547,1.048,1.0668,1.088,1.1128,1.1408,1.1729,1.209,1.25,1.296,1.3484,1.4081,1.4772,1.5583,4.2745
119.4,-16.213,2.0321,-6.6864,-16.673,-3.4588,-12.606,6.5738,-5.2798,14.651,-0.013916,1.9884,1.0969,1.0614,1.0842,1.1101,1.1402,1.1745,1.2136,1.2578,1.3077,1.3639,1.4276,1.4999,1.581,1.6693,4.2745
116.86,-13.926,1.2273,-5.1617,-20.782,-1.4162,-18.669,11.33,-1.5726,14.192,8.0566,-4.2162,-2.5174,1.0512,1.07,1.0922,1.1177,1.1466,1.1792,1.216,1.2575,1.3041,1.3573,1.4178,1.4871,1.5663,4.2745
111.6,-13.787,3.0282,-5.116,-21.658,-3.1744,-15.341,17.625,-6.1142,7.8706,-0.21005,-2.6204,-8.0521,1.0554,1.0766,1.101,1.1289,1.1603,1.196,1.2358,1.2806,1.3309,1.3879,1.4526,1.5268,1.6119,4.2745
116.56,-18.473,-0.47256,-8.6108,-18.074,-7.1927,-16.162,5.1313,-6.4291,12.513,3.6522,-1.0175,0.061845,1.0591,1.0814,1.1077,1.1374,1.1718,1.2101,1.2536,1.3024,1.3575,1.4193,1.4882,1.5648,1.648,4.2745
115.03,-14.077,3.2779,-6.2301,-19.728,-2.5246,-13.781,12.697,-9.5243,11.729,6.9737,2.3125,-6.5766,1.0557,1.0765,1.0995,1.1265,1.1568,1.1914,1.23,1.2733,1.3222,1.3774,1.4403,1.5123,1.594,4.2745
111.3,-12.337,5.8919,-3.2211,-17.762,-4.1878,-15.536,15.666,-10.158,5.7663,4.5812,0.2505,-4.8429,1.0622,1.0827,1.1081,1.1354,1.1675,1.2026,1.2426,1.2865,1.3364,1.3923,1.4561,1.5291,1.6137,4.2745
116.99,-14.943,2.4389,-5.1752,-16.443,-3.4797,-15.625,10.451,-4.6412,9.89,3.2239,-4.1079,-2.353,1.0558,1.0768,1.1008,1.1282,1.1596,1.1943,1.2341,1.2783,1.3281,1.3839,1.4462,1.5156,1.5929,4.2745
118.08,-14.663,2.6019,-5.8614,-16.964,-1.9768,-14.027,4.2623,-6.2857,13.605,2.3797,2.2291,0.72909,1.0546,1.0738,1.0972,1.1235,1.1542,1.1883,1.2269,1.2703,1.3187,1.3735,1.4353,1.5053,1.5838,4.2745
113.58,-12.981,2.9652,-3.2468,-16.062,-2.5308,-20.127,6.5273,-2.4347,6.96,9.3913,-4.229,-1.6871,1.0638,1.0855,1.11,1.1381,1.1693,1.204,1.2427,1.2857,1.3337,1.387,1.4469,1.5138,1.5886,4.2745
113.48,-15.41,1.1834,-6.9386,-17.078,-2.1195,-12.343,9.2221,-4.4021,12.628,5.3763,-0.3145,-3.8171,1.0574,1.0785,1.1034,1.1323,1.1656,1.2036,1.2458,1.2935,1.3471,1.4075,1.4752,1.5512,1.6342,4.2745
118.18,-17.75,1.3922,-5.9419,-16.206,-2.9486,-15.097,3.8998,-6.9034,12.956,4.6347,-4.0446,0.56953,1.0515,1.0699,1.0926,1.1177,1.1466,1.1785,1.215,1.2555,1.3009,1.3518,1.4095,1.4755,1.5516,4.2745
116.89,-14.592,0.12487,-4.8205,-19.578,-0.77554,-20.073,13.378,-2.9848,6.7831,3.107,-1.5844,3.8742,1.0646,1.0852,1.1079,1.1341,1.1636,1.1968,1.2338,1.2751,1.3207,1.3707,1.4254,1.4847,1.5481,4.2745
117.46,-15.876,2.0799,-5.7464,-17.214,-3.4897,-12.916,10.009,-6.8995,17.256,2.934,1.04,-4.045,1.0583,1.0787,1.1025,1.1296,1.1599,1.1942,1.2322,1.275,1.3227,1.3763,1.437,1.5063,1.5845,3.9321
111.56,-12.662,3.6794,-3.8295,-17.77,-1.9632,-16.006,12.722,-5.3377,7.0082,4.4105,-7.2406,-1.6244,1.0594,1.0796,1.1039,1.1323,1.1646,1.2011,1.2419,1.2873,1.3378,1.3944,1.4579,1.5293,1.6076,3.9321
114.39,-16.029,3.2502,-5.6511,-17.924,-3.3712,-15.272,8.2101,-9.5222,10.567,7.1503,-1.2815,0.31889,1.0495,1.0684,1.0899,1.115,1.1432,1.1755,1.2117,1.2525,1.2985,1.3507,1.4105,1.4794,1.561,3.9321
118.83,-16.884,1.2584,-6.0629,-15.74,-3.5162,-14.845,4.6618,-7.5825,14.619,0.47864,2.786,-1.3207,1.061,1.0831,1.1088,1.1382,1.1724,1.2112,1.2555,1.3056,1.3626,1.4278,1.5019,1.585,1.6767,3.9321
116.96,-14.501,1.0016,-5.4443,-19.605,-4.2674,-20.678,12.739,-1.8029,10.534,5.4125,-2.4444,-2.3472,1.0527,1.0715,1.0944,1.12,1.1497,1.1828,1.2203,1.2621,1.3092,1.3625,1.4229,1.4922,1.571,3.9321
112.25,-12.616,1.5027,-6.389,-19.117,2.0398,-15.368,15.248,-6.1815,7.3099,-4.2455,2.4074,-0.023601,1.0566,1.079,1.1051,1.1352,1.1689,1.2075,1.2505,1.299,1.3534,1.4148,1.4841,1.5622,1.6507,3.9321
116.38,-17.097,2.9032,-3.523,-18.344,-3.3177,-16.59,4.9254,-2.4855,15.912,1.4616,-4.7009,-2.3607,1.0521,1.0722,1.0963,1.1234,1.1546,1.1895,1.2287,1.2727,1.3218,1.377,1.4391,1.5091,1.5881,3.9321
115.97,-14.551,3.5023,-4.9775,-18.717,-2.8966,-14.395,13.399,-6.0187,10.87,4.1891,-0.20344,-5.8511,1.0535,1.0742,1.0976,1.1242,1.1539,1.1876,1.225,1.2671,1.3145,1.368,1.4289,1.4989,1.579,3.9321
112.54,-12.846,2.9623,-4.1928,-16.661,-2.2846,-17.721,12.636,-9.5782,7.5839,0.54895,0.20713,-0.33674,1.0517,1.072,1.0944,1.1203,1.1494,1.1829,1.2198,1.2618,1.309,1.3626,1.4238,1.4948,1.5784,3.9321
116.95,-15.837,1.801,-4.9628,-17.471,-6.5613,-17.306,7.7927,-4.1111,9.71,0.83988,-3.1232,-2.8483,1.0555,1.0772,1.1018,1.1305,1.163,1.1997,1.2412,1.2878,1.34,1.3982,1.4627,1.5339,1.6112,3.9321
118.53,-14.737,1.1517,-5.984,-17.245,-5.027,-15.548,4.7094,-4.3312,10.728,0.3048,0.9591,-2.5051,1.0543,1.0732,1.0964,1.1224,1.1526,1.1862,1.2241,1.2663,1.3137,1.3664,1.4259,1.4924,1.5666,3.9321
115.26,-13.8,0.64818,-4.6084,-15.207,-1.9189,-20.481,7.131,-1.3349,10.405,8.842,-5.5687,-4.3025,1.0655,1.0874,1.1129,1.141,1.1728,1.2076,1.2466,1.2901,1.3384,1.3925,1.4531,1.5219,1.6004,3.9321
113.87,-15.981,2.6052,-5.1949,-15.493,-1.9601,-13.906,9.9415,-6.1419,9.9359,7.2871,2.1441,-0.16096,1.0581,1.0792,1.1035,1.1322,1.165,1.2026,1.2441,1.2911,1.3436,1.4029,1.4685,1.5416,1.6221,3.9321
117.5,-18.217,2.1014,-3.0265,-13.341,-5.6356,-16.721,5.5054,-7.2015,10.454,3.7291,-0.011725,2.9826,1.0526,1.0722,1.0956,1.1213,1.1511,1.1838,1.2213,1.263,1.3101,1.363,1.4231,1.4917,1.571,3.9321
116.9,-13.635,0.079156,-5.542,-18.326,0.49837,-19.219,13.499,-3.6513,8.8431,4.9498,-0.46973,-2.0026,1.064,1.0837,1.1063,1.1321,1.1612,1.1952,1.2335,1.2769,1.3253,1.3786,1.4378,1.5033,1.5747,3.9321
117.39,-15.937,3.1362,-6.331,-19.053,-4.615,-10.859,9.05,-7.8222,14.524,2.5264,0.1089,-3.5775,1.0597,1.0809,1.1066,1.1349,1.1671,1.2031,1.2437,1.2886,1.3389,1.395,1.4582,1.5287,1.6078,3.7525
111.14,-13.225,4.645,-7.8225,-19.326,-0.82834,-18.984,9.4002,-2.0217,6.8496,6.304,-5.1904,-5.1352,1.0553,1.0756,1.0992,1.1261,1.1563,1.1902,1.2279,1.2701,1.3171,1.3697,1.4288,1.4959,1.5721,3.7525
114.5,-16.075,3.4747,-5.862,-17.645,-3.1942,-13.257,12.948,-5.9692,9.9534,5.2137,-0.75357,-0.8644,1.0509,1.0705,1.0926,1.1183,1.1471,1.18,1.2165,1.2582,1.3049,1.3581,1.4191,1.4901,1.574,3.7525
117.65,-17.729,1.0006,-5.418,-14.944,-3.1843,-14.267,4.0679,-8.3928,16.168,0.71858,4.4451,1.2922,1.0621,1.0846,1.1104,1.1406,1.1744,1.2135,1.2575,1.3078,1.3649,1.4306,1.5063,1.5931,1.6897,3.7525
117.36,-14.244,0.63562,-5.1196,-17.488,-2.5253,-20.488,12.213,-2.96,12.509,11.575,-0.62908,-6.2359,1.0523,1.073,1.0958,1.1225,1.1519,1.1856,1.2225,1.2645,1.3111,1.3635,1.4223,1.4884,1.5631,3.7525
112.56,-13.597,0.83691,-6.2344,-17.687,2.3334,-16.618,15.255,-4.5687,6.1087,-0.92915,4.3689,-2.1622,1.0556,1.0777,1.1024,1.1317,1.1642,1.2017,1.2432,1.2899,1.3426,1.4017,1.468,1.5426,1.6258,3.7525
116.61,-17.165,1.4838,-4.9178,-15.378,-4.6775,-16.463,7.1546,-6.0313,12.723,5.6558,1.4474,-2.568,1.0603,1.0817,1.1077,1.1367,1.1704,1.208,1.2506,1.2977,1.3507,1.4097,1.4757,1.5499,1.632,3.7525
115.12,-14.952,2.4318,-6.7247,-18.412,-0.085521,-13.576,9.2576,-8.5457,13.976,4.1022,1.7401,-4.7691,1.0572,1.077,1.1004,1.1273,1.1573,1.1923,1.2308,1.2748,1.3243,1.3807,1.4452,1.5191,1.6026,3.7525
111.65,-14.036,4.1713,-5.6209,-16.628,-4.2182,-16.98,11.036,-9.1745,5.4585,2.4832,-2.5453,-2.624,1.0582,1.079,1.1023,1.1295,1.1597,1.1937,1.2317,1.2744,1.322,1.3764,1.4381,1.5094,1.5922,3.7525
116.47,-15.3,0.67732,-8.075,-18.876,-6.2338,-17.878,6.6946,-3.736,11.602,1.1631,-3.3709,-0.34245,1.0555,1.0761,1.0998,1.127,1.1574,1.1917,1.2303,1.2738,1.3226,1.3774,1.4387,1.5068,1.5827,3.7525
118.96,-15.052,0.32459,-6.9068,-17.042,-4.3984,-17.238,5.6423,-5.8146,10.452,1.3243,0.083702,-1.368,1.0491,1.0685,1.0899,1.1155,1.1441,1.177,1.2133,1.2548,1.3009,1.3527,1.4112,1.4773,1.5523,3.7525
115.87,-13.751,1.8664,-6.1414,-16.778,0.14421,-17.322,9.4942,-3.0237,8.7933,8.1324,-4.1008,-3.1129,1.0636,1.0863,1.1115,1.1409,1.1731,1.2095,1.2498,1.2949,1.345,1.4009,1.4628,1.531,1.6061,3.7525
115.14,-14.884,0.3409,-4.3265,-15.861,-2.9948,-14.915,8.9107,-0.98453,12.541,2.056,1.328,-5.4776,1.0564,1.0782,1.1037,1.1329,1.1665,1.2045,1.2472,1.2946,1.3474,1.4059,1.4705,1.5413,1.6177,3.7525
116.69,-17.857,2.0482,-0.81562,-11.671,-3.9023,-17.886,1.5467,-6.5058,13.355,6.8991,1.8997,-0.22585,1.0552,1.0751,1.0984,1.125,1.1551,1.1888,1.227,1.27,1.3185,1.3732,1.4353,1.5061,1.5873,3.7525
115.85,-13.953,0.38073,-5.1719,-18.584,-1.7864,-19.444,15.201,-6.4225,7.1375,5.4248,1.5684,-2.827,1.0603,1.0804,1.1038,1.1305,1.1608,1.195,1.2331,1.2754,1.3229,1.3757,1.4341,1.4985,1.5704,3.7525
117.16,-17.018,2.6733,-7.1961,-20.433,-4.5576,-14.495,7.7687,-5.9752,16.1,3.2691,0.092154,-2.4303,1.0568,1.0772,1.1022,1.1297,1.1613,1.1963,1.2361,1.2803,1.33,1.3854,1.4484,1.5201,1.6012,4.0966
111.01,-11.969,4.8136,-5.7995,-21.546,-1.6636,-14.793,12.135,-4.8233,8.1228,5.8407,-5.427,-0.43189,1.0616,1.0834,1.1075,1.1352,1.1663,1.2011,1.2399,1.2835,1.3323,1.3869,1.4483,1.5185,1.5988,4.0966
113.44,-15.39,1.3898,-6.9388,-15.76,-1.1609,-11.801,13.702,-5.3882,12.997,3.0088,-3.1782,-0.73331,1.0524,1.0715,1.0935,1.1179,1.1462,1.1775,1.2135,1.2536,1.2993,1.351,1.4102,1.4784,1.5588,4.0966
117.52,-17.593,1.7374,-6.0726,-16.337,-1.9661,-13.617,6.1823,-3.3332,21.675,1.8207,0.32549,-0.89262,1.0613,1.0845,1.1102,1.1403,1.1744,1.2136,1.2582,1.3086,1.3664,1.4325,1.5084,1.5957,1.6934,4.0966
116.5,-14.925,1.3156,-4.6236,-19.272,-4.4981,-20.177,13.93,-2.7085,9.2013,7.6573,2.419,-1.0298,1.053,1.0721,1.0948,1.12,1.1492,1.1818,1.2185,1.2594,1.3055,1.3576,1.4165,1.484,1.5611,4.0966
111.42,-14.075,0.72489,-3.9712,-18.852,-1.2999,-15.769,14.786,-6.8671,5.9122,0.1507,6.1069,-2.9234,1.0623,1.0848,1.1105,1.14,1.1735,1.2116,1.2539,1.3015,1.3545,1.414,1.4803,1.554,1.6347,4.0966
116.1,-19.072,0.35344,-3.5107,-16.754,-7.6625,-19.748,5.3634,-5.5965,11.315,6.1692,1.6202,-1.5244,1.0532,1.0731,1.0963,1.1229,1.1532,1.1872,1.2258,1.2688,1.3177,1.3722,1.4343,1.5041,1.5829,4.0966
114.15,-16.446,3.5892,-4.3314,-17.758,-2.827,-19.997,8.875,-2.8854,15.82,2.5841,-1.8821,-1.6826,1.0518,1.072,1.0949,1.1213,1.151,1.1851,1.2228,1.2652,1.3131,1.3667,1.4277,1.4971,1.5767,4.0966
111.78,-14.001,4.5548,-4.2457,-16.657,-3.6678,-12.3,9.2821,-10.52,6.8313,5.1376,-3.7392,4.6647,1.0587,1.0779,1.1007,1.1259,1.155,1.1873,1.2237,1.2645,1.3103,1.3623,1.4217,1.4904,1.5707,4.0966
116.87,-14.493,2.128,-7.3886,-19.106,-4.7444,-12.281,6.63,-5.3891,13.633,0.13078,-4.5329,0.51041,1.0572,1.0788,1.1041,1.1327,1.165,1.2013,1.2418,1.2872,1.3381,1.3953,1.4591,1.5286,1.6044,4.0966
118.9,-14.715,2.0234,-6.1045,-18.19,-3.2749,-13.04,6.7288,-6.8113,12.316,0.063725,-2.2831,-3.5211,1.0499,1.0685,1.091,1.1164,1.1459,1.1788,1.216,1.2576,1.3046,1.3577,1.4176,1.4858,1.5635,4.0966
115.94,-14.202,1.7824,-6.6564,-18.469,-0.35716,-18.806,9.328,-0.88809,8.4737,6.9543,-5.5951,0.50024,1.0561,1.0769,1.1007,1.1279,1.1583,1.1921,1.2303,1.273,1.3205,1.3737,1.4333,1.4998,1.5741,4.0966
114.79,-15.376,1.0231,-5.0814,-19.735,-4.0104,-14.319,10.423,-2.7816,8.5545,1.6565,1.6914,-2.3456,1.0569,1.0777,1.1025,1.1303,1.1624,1.1987,1.2393,1.2842,1.335,1.391,1.453,1.5207,1.5949,4.0966
115.78,-17.882,2.5498,-3.1458,-16.44,-4.8624,-15.495,3.8851,-8.5568,12.179,5.2326,-0.47191,0.77862,1.0561,1.0752,1.0989,1.1249,1.1556,1.1894,1.2284,1.2723,1.322,1.3782,1.4425,1.5163,1.6014,4.0966
115.17,-14.18,-0.47791,-4.3549,-16.692,-1.7261,-22.221,12.186,-5.7902,13.238,9.444,1.1613,-5.4508,1.0626,1.0819,1.1055,1.1328,1.1642,1.2001,1.2398,1.284,1.3334,1.3883,1.4496,1.5177,1.5929,4.0966
117.46,-15.444,2.2804,-6.4782,-17.549,-2.5932,-12.929,6.7783,-5.1322,16,2.0275,0.56758,-1.5289,1.0576,1.0781,1.1027,1.1304,1.1624,1.1983,1.2391,1.2842,1.3351,1.3916,1.4552,1.5266,1.607,3.6886
112.66,-13.288,4.6575,-7.0909,-18.452,-0.79224,-16.995,9.086,-3.4113,10.769,10.763,-10.875,-2.7393,1.0569,1.0768,1.0997,1.1255,1.1546,1.1871,1.2234,1.2638,1.3089,1.3595,1.4166,1.4813,1.5547,3.6886
114.19,-17.195,1.2486,-8.0896,-17.592,-1.9951,-14.725,11.267,-2.1113,13.292,1.5737,-3.9693,0.80849,1.0549,1.0743,1.0963,1.1214,1.1497,1.1816,1.2178,1.2588,1.3049,1.3574,1.4173,1.4866,1.5672,3.6886
118.54,-17.35,-0.062413,-7.6686,-15.904,-2.9531,-13.175,8.1495,-1.1895,17.939,-0.76101,3.6995,0.99576,1.0632,1.0863,1.1134,1.1441,1.1791,1.2191,1.2645,1.3159,1.3752,1.443,1.5206,1.6081,1.7057,3.6886
116.97,-14.904,0.044443,-7.929,-19.943,-1.6408,-17.704,10.519,-3.2312,11.849,7.6358,1.1538,-3.3142,1.0517,1.0713,1.0936,1.1195,1.1486,1.1817,1.2183,1.2597,1.3058,1.3574,1.4156,1.4812,1.556,3.6886
112.39,-14.689,1.0662,-1.2368,-17.104,-2.7936,-18.901,16.334,-3.0391,8.6394,-3.0714,0.89972,-3.2479,1.064,1.0858,1.1106,1.1386,1.1706,1.206,1.2459,1.2909,1.3417,1.3991,1.464,1.5369,1.6181,3.6886
117.37,-18.479,1.0232,-3.3573,-15.97,-4.7263,-17.716,6.9765,-4.1467,13.203,3.5675,1.3522,2.7164,1.0571,1.0784,1.1035,1.1312,1.1629,1.1983,1.2382,1.2827,1.3327,1.3887,1.4514,1.5219,1.6005,3.6886
115.54,-15.7,3.9277,-4.9392,-16.362,-0.68853,-15.041,9.0551,-6.8783,13.859,10.338,3.1622,-7.2187,1.0512,1.0708,1.0931,1.1193,1.1487,1.1828,1.2209,1.264,1.3127,1.3679,1.4307,1.5029,1.5859,3.6886
111.63,-13.143,5.3219,-6.7971,-12.381,-0.68477,-18.205,7.0427,-6.1099,8.1652,7.1459,-6.5621,-1.0183,1.0541,1.0739,1.096,1.1216,1.1499,1.182,1.2181,1.2586,1.3043,1.3561,1.4154,1.4844,1.5658,3.6886
117.77,-15.637,1.7744,-7.5796,-16.245,-5.7155,-16.409,6.37,-5.3975,12.885,0.19008,-6.1273,0.087498,1.0572,1.0797,1.1047,1.1342,1.1673,1.2049,1.2475,1.2958,1.3504,1.4116,1.4804,1.556,1.6386,3.6886
118.62,-15.101,2.3178,-7.4858,-17.454,-2.1531,-13.336,3.6474,-6.4153,12.958,0.88109,-0.85129,-1.8655,1.0486,1.0671,1.0898,1.1147,1.144,1.1763,1.2133,1.2544,1.3009,1.3531,1.4122,1.4787,1.5551,3.6886
117.11,-14.049,-0.17638,-7.0809,-19.046,-2.4658,-18.99,10.203,-1.4298,7.9686,8.8235,-3.6098,-0.72987,1.0598,1.0804,1.1046,1.1319,1.1628,1.197,1.2358,1.2791,1.3278,1.3824,1.4443,1.5145,1.5935,3.6886
114.51,-15.212,2.2777,-4.835,-18.728,-4.6669,-13.868,11.235,-0.14653,12.157,0.53785,-3.7823,-3.8796,1.0605,1.0826,1.1079,1.1371,1.1708,1.2092,1.2526,1.3014,1.3562,1.4172,1.4847,1.5589,1.639,3.6886
115.84,-17.285,3.5525,-3.8662,-16.659,-5.6283,-13.056,4.5557,-6.4521,15.544,0.35287,-4.3772,1.1166,1.0578,1.0786,1.1027,1.13,1.1615,1.197,1.2371,1.2825,1.3339,1.3923,1.4589,1.5352,1.6223,3.6886
114.9,-13.058,2.0735,-3.8969,-16.215,-2.8499,-20.994,14.769,-5.1127,11.593,5.8494,0.32118,-3.7229,1.0606,1.0813,1.1056,1.1332,1.1637,1.1989,1.238,1.2819,1.331,1.386,1.4481,1.519,1.6003,3.6886
117.14,-15.878,2.5955,-4.7084,-17.14,-2.7793,-14.672,7.3567,-4.8301,13.108,0.86106,0.30533,0.17116,1.0551,1.0758,1.1001,1.1278,1.1591,1.1944,1.2337,1.278,1.3276,1.383,1.4456,1.5162,1.5957,7.7687
112.28,-13.662,3.7394,-5.4889,-19.314,-2.0659,-18.796,10.219,-2.2044,6.98,6.4267,-5.8438,0.59749,1.0531,1.072,1.0931,1.1177,1.1454,1.1763,1.2117,1.2515,1.2964,1.3472,1.4041,1.4689,1.5433,7.7687
114.04,-15.74,2.8256,-6.7622,-16.135,-2.9391,-14.57,11.533,-0.86843,15.31,1.3377,-4.8488,-0.89975,1.0541,1.0739,1.096,1.1215,1.1498,1.182,1.2183,1.2592,1.3054,1.3579,1.4181,1.4879,1.5705,7.7687
118.61,-17.747,-0.011165,-8.5153,-16.129,-3.4917,-13.68,9.6736,-2.2232,18.24,1.8581,2.1333,1.9563,1.0648,1.0872,1.1137,1.1438,1.1784,1.2177,1.2621,1.3122,1.3697,1.4356,1.511,1.5957,1.6877,7.7687
116.57,-14.056,1.5965,-4.3041,-19.404,-0.91111,-18.916,11.84,-0.36152,11.917,3.2886,-1.3704,-0.41241,1.053,1.0717,1.0941,1.1195,1.1486,1.1811,1.2182,1.2595,1.3061,1.3582,1.4173,1.4844,1.5612,7.7687
113.6,-13.695,1.0462,-4.8684,-14.515,0.65974,-16.916,14.035,-3.9947,7.3082,-2.3373,-1.7157,-1.295,1.0651,1.0856,1.1088,1.1365,1.1681,1.2049,1.2462,1.2931,1.3457,1.4046,1.4706,1.544,1.6242,7.7687
117.95,-16.423,2.0096,-7.5137,-15.75,-0.77988,-13.956,5.3401,-5.3171,10.045,4.0403,-0.12361,3.8516,1.0612,1.0819,1.1058,1.1335,1.1649,1.1999,1.2389,1.2827,1.3312,1.3859,1.4474,1.5165,1.5936,7.7687
111.95,-17.028,2.0012,-7.9727,-19.011,-1.5048,-7.938,1.2825,-7.8,4.3453,5.572,0.2967,3.8774,1.063,1.0789,1.1006,1.1252,1.1551,1.1901,1.2284,1.2717,1.3195,1.3729,1.4324,1.4985,1.5721,7.7687
