93.284,-4.5085,-0.43795,-8.3268,1.6988,-7.0603,-9.3236,7.2506,1.0004,2.6586,7.8623,-4.8782,-2.4223,1.2117,1.2668,1.3252,1.3862,1.4548,1.5351,1.6284,1.7247,1.7949,1.8255,1.8279,1.8174,1.8034,2.8706
93.055,-3.3411,2.2654,-3.8096,-5.4895,-10.844,-6.8735,3.4844,-2.0357,0.29315,5.0961,0.71032,-3.5456,1.1844,1.2395,1.2997,1.3694,1.4509,1.5494,1.6731,1.813,1.907,1.9378,1.93,1.906,1.8773,2.8706
95.092,-5.1736,0.83862,-8.1777,-1.5856,-3.8484,-6.6073,9.4558,-2.7442,3.7997,8.1738,0.19175,-1.6466,1.2192,1.2787,1.3386,1.3997,1.4664,1.5444,1.6362,1.7291,1.795,1.8224,1.8246,1.8156,1.8031,2.8706
93.3,-4.2961,-0.071178,-9.2287,0.80201,-4.3674,-6.6284,4.2542,1.6777,0.64547,5.1017,2.2666,-3.5571,1.2039,1.2617,1.3245,1.3913,1.4679,1.558,1.6686,1.7948,1.8813,1.9096,1.903,1.8822,1.8586,2.8706
92.262,-3.5856,0.099369,-8.4837,-5.749,-5.3796,-6.529,4.3571,1.9636,6.2298,7.7971,-3.5289,-12.666,1.1936,1.2519,1.3123,1.3809,1.4598,1.5552,1.6737,1.8057,1.8928,1.9186,1.9087,1.8842,1.8569,2.8706
94.871,-3.3097,0.39688,-10.498,-3.8738,-5.4215,-5.3318,4.4484,1.0793,3.7497,10.048,2.0865,-8.8232,1.2062,1.2619,1.3218,1.3893,1.4659,1.5589,1.6727,1.7961,1.8802,1.9058,1.8965,1.8727,1.8469,2.8706
96.888,-4.8572,-1.2816,-10.837,-1.7091,-2.6858,-5.6003,10.163,3.5558,5.567,5.8913,-6.119,-11.491,1.1959,1.2508,1.3081,1.3715,1.4421,1.5236,1.6165,1.7091,1.7695,1.7943,1.7946,1.7832,1.7683,2.8706
93.693,-5.3596,-0.059301,-8.1623,-0.095287,-3.4046,-8.4591,5.045,-1.9323,1.5942,2.301,0.82701,-4.177,1.1734,1.2279,1.2885,1.3568,1.4354,1.5305,1.6478,1.7814,1.8786,1.9131,1.9097,1.8898,1.865,2.8706
93.74,-3.1294,0.0023714,-8.1515,-3.5172,-9.3984,-5.7166,5.4037,-2.3766,3.7854,1.9189,-0.95181,0.098866,1.2231,1.2859,1.3491,1.4135,1.483,1.5675,1.6716,1.7849,1.8606,1.8881,1.8835,1.8665,1.8465,2.8706
93.632,-5.4151,1.5177,-6.9372,-0.73839,-4.4061,-4.0157,13.636,4.3252,0.4362,0.4556,-1.0364,-7.3808,1.195,1.2485,1.3071,1.3712,1.4464,1.5372,1.6512,1.7801,1.8744,1.906,1.9008,1.8803,1.8562,2.8706
92.524,-4.6375,1.0888,-6.4201,0.50335,-4.0935,-9.7906,8.5788,3.7957,2.9409,1.9948,1.9838,-2.1615,1.1997,1.2601,1.3225,1.3898,1.4677,1.5612,1.6762,1.8023,1.8905,1.9211,1.9156,1.8955,1.8715,2.8706
93.946,-4.2704,1.7731,-7.3822,-3.4365,-6.2197,-7.0402,8.772,2.1658,3.1128,3.4567,3.69,-0.90722,1.2079,1.2684,1.3319,1.3993,1.476,1.5694,1.6837,1.8173,1.9051,1.93,1.9189,1.8942,1.8675,2.8706
93.456,-4.7233,-0.73415,-8.5486,-1.7169,-2.2597,-6.5333,6.035,6.2734,2.0229,5.7755,-2.5903,-7.6014,1.2014,1.2608,1.3219,1.3867,1.4591,1.5445,1.6462,1.749,1.8116,1.8304,1.8246,1.8081,1.7895,2.8706
94.715,-5.1538,-1.2634,-9.0333,-0.20647,-4.3633,-4.5289,7.3445,-0.16494,3.3623,3.9986,-10.019,-10.057,1.1845,1.2404,1.3014,1.3697,1.4489,1.5442,1.6638,1.7945,1.8856,1.9138,1.9058,1.8836,1.8577,2.8706
93.097,-5.7255,2.1906,-10.161,-3.9923,-5.3345,-8.4572,5.7815,-0.51727,1.5974,11.774,-1.7825,-6.0303,1.2178,1.2803,1.3396,1.4002,1.4681,1.5498,1.6487,1.7582,1.8395,1.87,1.8691,1.8551,1.8382,2.8706
92.877,-6.0294,-0.28831,-4.2338,0.030147,-6.7956,-8.2273,8.7486,1.0937,-0.83756,6.7952,-5.0165,-3.1897,1.2001,1.259,1.3205,1.3848,1.4608,1.5522,1.6624,1.7794,1.8628,1.8913,1.8869,1.8682,1.8459,2.8244
93.929,-5.3047,1.6289,-6.0751,-2.9065,-6.1528,-3.595,6.1347,-5.6881,0.82063,3.2601,0.016695,-5.2093,1.1948,1.2535,1.3147,1.3828,1.4616,1.5578,1.68,1.8168,1.9154,1.9443,1.9345,1.91,1.8821,2.8244
93.471,-5.1449,0.34719,-6.8674,0.52369,-4.4768,-5.0474,6.6862,0.69206,3.4473,2.6871,-7.5269,-9.7595,1.2089,1.2675,1.3269,1.391,1.4638,1.5529,1.662,1.7798,1.8697,1.9047,1.903,1.8857,1.8639,2.8244
92.827,-4.2754,-1.0923,-6.8119,-5.0557,-5.622,-4.5045,4.1854,3.0654,2.3776,3.2984,-1.3475,-13.453,1.2211,1.2821,1.3425,1.4053,1.4739,1.5556,1.6566,1.7631,1.8324,1.8556,1.8498,1.8325,1.8124,2.8244
92.024,-6.7543,-3.5606,-10.279,-6.4054,-3.7856,-8.9046,0.66587,-2.7516,-0.61674,4.5597,4.7242,-2.5302,1.1758,1.2302,1.2912,1.3625,1.4447,1.5458,1.671,1.8158,1.919,1.9498,1.9395,1.9134,1.8829,2.8244
94.243,-4.7688,-1.2685,-7.6238,1.5202,-3.5771,-7.07,8.5769,1.2161,-1.2847,4.6965,-3.7358,-5.3256,1.2527,1.3182,1.3816,1.4435,1.5077,1.5854,1.6823,1.7903,1.8658,1.8925,1.8873,1.8705,1.8524,2.8244
93.496,-4.7811,1.2148,-8.5961,0.50668,-6.5164,-1.6858,11.736,6.5879,3.3336,3.653,-4.2378,-12.958,1.1997,1.2572,1.3178,1.3857,1.4634,1.557,1.6718,1.7994,1.8819,1.906,1.8982,1.8768,1.8524,2.8244
92.524,-5.5156,1,-8.2186,0.96414,-2.9371,-1.147,8.2117,-1.9538,-0.52086,7.6837,-3.6173,-11.064,1.2084,1.2697,1.3304,1.3961,1.47,1.5605,1.6748,1.8053,1.9043,1.9347,1.9272,1.9043,1.8789,2.8244
94.744,-6.0514,-1.4297,-8.1639,2.0974,0.99037,-5.3279,10.203,-6.162,3.6185,4.4952,-6.9502,-5.7491,1.2064,1.2641,1.3222,1.3811,1.4464,1.5244,1.6213,1.7286,1.8109,1.8468,1.8516,1.8415,1.8265,2.8244
94.689,-4.8243,1.2751,-7.0312,-1.2443,-3.2284,-6.8951,8.0482,-1.9604,0.26135,1.4461,-5.7093,-5.1445,1.201,1.2556,1.3146,1.3757,1.4453,1.5282,1.6268,1.7313,1.8097,1.841,1.8413,1.8288,1.8126,2.8244
93.116,-6.5884,1.6894,-5.2682,-1.6052,-8.4512,-9.8285,11.623,5.7428,-0.24874,-2.3571,-5.5742,-5.0984,1.1993,1.2577,1.3189,1.3862,1.4628,1.5534,1.6655,1.7896,1.8774,1.9055,1.8992,1.8791,1.8558,2.8244
92.767,-5.7916,-0.23598,-8.2107,-1.6378,-3.284,-3.0796,8.6837,0.99582,-0.51373,1.9827,-1.9521,-6.868,1.2114,1.2715,1.3303,1.3929,1.4643,1.5489,1.6478,1.7516,1.8272,1.8592,1.8597,1.846,1.8288,2.8244
95.098,-6.1183,0.29657,-6.8601,-3.0718,-1.0556,-4.0915,5.4261,1.7816,1.8891,-5.2669,-8.2674,-5.0247,1.2034,1.2609,1.321,1.3862,1.4592,1.5464,1.6523,1.7683,1.8432,1.8656,1.8594,1.8413,1.8216,2.8244
93.198,-4.859,1.3135,-6.9835,-1.2335,-5.1098,-4.38,8.3144,2.4851,6.6541,3.8815,-9.2921,-10.923,1.1987,1.2547,1.3171,1.385,1.4634,1.5589,1.6802,1.8193,1.9185,1.9464,1.9359,1.9094,1.8798,2.8244
90.711,-5.8852,0.73939,-6.6263,-3.2077,-0.96873,-0.53945,10.489,-5.6713,1.2066,17.11,-4.1949,-4.6555,1.225,1.2856,1.3445,1.4013,1.4635,1.5386,1.6306,1.7313,1.8073,1.8419,1.8473,1.8397,1.8291,2.8244
92.351,-6.6205,-2.4927,-9.5041,-1.5623,-8.1061,-5.8432,9.1269,-4.7475,6.5729,12.735,-6.1409,-4.5574,1.2055,1.2653,1.3266,1.39,1.4626,1.5501,1.6562,1.7686,1.8453,1.8718,1.8668,1.849,1.8273,2.7048
92.562,-4.2805,0.65022,-10.975,-4.0545,-5.2878,-5.9966,6.3197,-3.6036,3.8083,6.8211,-4.0193,-3.8918,1.1905,1.2458,1.3062,1.373,1.449,1.5423,1.659,1.7912,1.8858,1.9165,1.9107,1.8897,1.865,2.7048
94.038,-5.194,0.090813,-9.7226,-3.6439,-1.2886,0.06462,7.7236,-3.1106,2.1591,1.2944,-3.6712,-5.6296,1.2172,1.2775,1.3382,1.4022,1.4757,1.567,1.6829,1.8124,1.901,1.9303,1.9216,1.8979,1.8714,2.7048
95.7,-4.8196,1.8083,-8.2008,-3.9291,-5.6316,-5.1639,10.565,2.6217,-0.72819,4.1985,-5.2088,-11.256,1.2086,1.2672,1.3276,1.3879,1.4527,1.5297,1.6221,1.7192,1.7871,1.812,1.8109,1.7987,1.7833,2.7048
92.821,-4.7835,1.9004,-7.3991,-3.4549,-6.1015,-8.8737,5.5157,3.555,2.8397,4.3087,-0.44658,-11.26,1.1772,1.2335,1.2939,1.3644,1.4455,1.5445,1.6669,1.8048,1.9025,1.933,1.9254,1.9017,1.8743,2.7048
95.757,-4.7959,-0.38278,-10.86,-0.19194,1.9452,-2.7857,5.9883,-2.9251,6.0669,0.5278,-1.044,-2.7959,1.2314,1.2905,1.3466,1.4037,1.466,1.5396,1.6289,1.724,1.7939,1.8231,1.8252,1.8166,1.8054,2.7048
94.35,-4.3551,1.5906,-11.006,-0.1489,-0.95681,-4.3269,7.7225,0.87635,-4.2878,1.5475,-1.7291,-6.5104,1.2148,1.2758,1.3363,1.3986,1.4689,1.5544,1.661,1.7704,1.8393,1.8612,1.8552,1.8384,1.819,2.7048
92.268,-4.8758,1.939,-8.3162,-1.3618,-6.7701,-4.8151,3.7365,-2.5285,2.2732,9.3984,-3.5252,-8.6609,1.1963,1.2552,1.3166,1.3837,1.461,1.5562,1.6756,1.8079,1.9039,1.9332,1.9242,1.9006,1.8732,2.7048
94.555,-5.1732,0.48757,-9.411,0.59661,-6.27,-7.4384,5.4198,-1.4209,5.4459,2.4226,-4.7995,-1.5425,1.204,1.2653,1.3273,1.3937,1.4689,1.5596,1.6729,1.7958,1.8817,1.9091,1.9017,1.8808,1.8574,2.7048
94.632,-4.8243,1.6349,-6.5609,-0.065357,-6.0889,-6.0443,6.4754,2.8945,-0.30916,1.4411,-3.4301,-9.8301,1.233,1.2944,1.3565,1.4178,1.4817,1.5583,1.6547,1.7589,1.8305,1.8543,1.8496,1.834,1.8164,2.7048
93.535,-3.7935,1.5564,-5.7959,-2.4361,-8.6741,-3.8315,8.0295,5.7722,-3.8469,-0.90204,3.6033,-5.7293,1.1928,1.2466,1.3065,1.3753,1.4549,1.5521,1.6735,1.8052,1.8968,1.9249,1.917,1.8936,1.8663,2.7048
92.868,-4.9506,2.23,-8.2685,-2.7513,-7.983,-4.8081,7.2738,-1.4964,2.9733,5.7272,-0.24258,1.1256,1.2269,1.2881,1.3476,1.409,1.4745,1.5524,1.6499,1.7564,1.8379,1.8703,1.8704,1.8564,1.8396,2.7048
93.814,-4.0951,4.7064,-8.2421,-5.1077,-2.1808,-3.4937,6.8779,-0.57526,2.0438,0.78059,-3.0153,-7.8665,1.2062,1.2636,1.3216,1.3839,1.456,1.542,1.646,1.7532,1.8336,1.8653,1.865,1.8498,1.8309,2.7048
94.121,-5.7725,2.4577,-6.8612,-3.1431,-6.7138,-5.1938,7.2493,2.1449,0.029411,6.0986,0.1957,-4.874,1.2025,1.259,1.3186,1.3834,1.4568,1.5453,1.6534,1.7719,1.8523,1.8798,1.875,1.8571,1.8356,2.7048
93.629,-5.0015,1.7,-7.5987,-4.5907,-8.1244,-6.7017,12.312,2.6449,2.1904,6.5733,-2.1712,-7.1022,1.1953,1.2533,1.3124,1.3781,1.4548,1.5475,1.6645,1.7999,1.8979,1.9296,1.9231,1.901,1.8751,2.7048
94.032,-4.8472,-1.7953,-5.1775,-2.5841,-1.8728,-4.4801,4.5171,0.93515,3.7276,3.7502,-6.3161,-5.9511,1.2328,1.2962,1.3563,1.4169,1.4851,1.5658,1.6605,1.7555,1.8194,1.8385,1.8318,1.8153,1.7972,2.7344
95.177,-4.2832,0.063705,-8.0151,-1.8128,-5.1714,-6.9713,0.83328,1.2862,0.98196,5.3768,-2.0009,-1.0516,1.192,1.2484,1.3093,1.377,1.4555,1.5505,1.6667,1.791,1.8747,1.9017,1.8945,1.8728,1.8481,2.7344
94.223,-4.3171,-0.28158,-6.174,1.5028,-0.76565,-3.4128,5.3204,-1.6998,2.5577,-3.8791,-5.5706,-9.954,1.228,1.2938,1.3563,1.4199,1.4902,1.5726,1.6738,1.7812,1.8546,1.8788,1.8723,1.8539,1.8341,2.7344
94.543,-5.1359,0.36374,-4.9663,-1.0296,-5.698,-6.978,6.9845,0.89789,-2.2777,3.1322,1.2098,-5.9435,1.1979,1.2566,1.3179,1.384,1.4581,1.5473,1.6552,1.7723,1.861,1.8917,1.8878,1.8688,1.8468,2.7344
93.643,-4.3307,-0.48583,-10.413,-5.3153,-6.8244,-8.178,7.6248,3.7195,-0.22129,5.9598,5.9054,-5.3191,1.2005,1.2596,1.3206,1.3887,1.4646,1.5561,1.6652,1.7805,1.857,1.8815,1.8741,1.8532,1.8299,2.7344
93.664,-4.2176,0.6563,-4.5544,-1.3049,-6.6112,-2.8466,4.221,-5.1364,3.8225,4.454,-4.6513,-3.1863,1.2011,1.2611,1.3225,1.3885,1.4636,1.5578,1.6805,1.8231,1.9185,1.9447,1.9328,1.9061,1.8772,2.7344
95.04,-5.544,2.5309,-8.4396,-2.5968,-6.8865,-5.1277,5.126,-0.53834,0.17852,0.50886,1.0521,-12.072,1.2021,1.2552,1.3093,1.3682,1.4354,1.5164,1.6143,1.7224,1.8064,1.8446,1.8506,1.8412,1.8262,2.7344
93.968,-5.4523,-0.48685,-10.931,-2.3055,-4.8432,-5.7404,7.7119,-2.7093,1.798,2.2271,0.4356,-10.955,1.1822,1.2374,1.2971,1.3651,1.4442,1.5378,1.6522,1.7761,1.8657,1.8977,1.8934,1.8729,1.8482,2.7344
95.091,-4.2128,-0.48418,-7.9541,-3.8734,-6.2192,-10.848,3.3558,-5.3042,0.17949,5.0185,-0.96511,-1.1134,1.2063,1.2636,1.3222,1.3854,1.455,1.5366,1.6332,1.7378,1.8133,1.8411,1.8399,1.8266,1.8101,2.7344
93.206,-2.8077,2.0288,-4.7209,-0.93982,-7.4774,-5.7835,6.2953,-0.50183,2.7845,-1.0558,-5.2762,-8.3665,1.2066,1.2661,1.3286,1.3953,1.4713,1.5629,1.6735,1.7901,1.8675,1.8927,1.8857,1.8656,1.8429,2.7344
91.955,-4.4603,1.1235,-5.6551,-1.819,-4.0017,-3.4984,8.6156,-2.2817,1.8839,2.8833,2.4394,-10.386,1.1978,1.2582,1.3208,1.3886,1.4659,1.5582,1.6735,1.8052,1.8987,1.9272,1.9195,1.8971,1.8714,2.7344
94.375,-4.8617,2.3375,-4.8691,-5.1253,-4.3543,-6.7728,1.3254,-4.3799,0.92311,4.2817,-0.36816,-5.2204,1.2097,1.2708,1.3329,1.3996,1.4739,1.5628,1.6719,1.7916,1.8789,1.9092,1.9054,1.8868,1.8645,2.7344
92.063,-6.2892,2.5302,-2.0203,-2.7615,-1.6223,-7.7545,5.0073,-1.2124,0.99372,0.39769,-9.2949,-3.0581,1.2106,1.2712,1.3314,1.3956,1.4664,1.55,1.6525,1.7662,1.8396,1.862,1.8557,1.8388,1.8206,2.7344
92.772,-6.6419,-0.69986,-6.3418,-4.9026,-3.7184,0.56999,8.9504,-0.95714,-6.0598,4.8276,-2.6403,-7.2484,1.1831,1.2384,1.298,1.3653,1.4447,1.5397,1.6554,1.7813,1.8693,1.9007,1.8955,1.8747,1.8498,2.7344
93.904,-4.4608,-0.17907,-11.163,-3.0227,-5.9145,-8.433,8.9096,-3.795,1.6888,5.2326,-3.9351,-6.0214,1.1969,1.2547,1.313,1.3747,1.445,1.5295,1.6359,1.7565,1.8444,1.8786,1.8797,1.8659,1.8486,2.7344
92.988,-5.4846,-1.5715,-5.7117,0.95625,1.0536,-3.6083,6.0861,-2.7089,0.11495,1.891,-4.887,-4.7473,1.2024,1.2596,1.3194,1.3833,1.4552,1.5428,1.6497,1.7631,1.8432,1.87,1.8654,1.8473,1.8266,2.7538
94.49,-4.7229,0.26172,-4.282,-1.1217,-5.4319,-6.2964,0.224,-6.3133,-0.36961,2.2424,0.63753,-1.2799,1.1959,1.2539,1.3158,1.3837,1.4638,1.5613,1.6845,1.8251,1.9193,1.9453,1.9339,1.9076,1.879,2.7538
93.752,-5.3072,0.83306,-5.516,2.4501,-2.9585,-4.8065,0.87248,-4.7265,3.2777,4.6691,-0.81724,-5.9916,1.2152,1.2726,1.3315,1.3945,1.4667,1.555,1.6669,1.7958,1.8935,1.9243,1.9172,1.8954,1.8705,2.7538
93.636,-5.1928,-0.081719,-5.2145,-1.756,-6.4673,-7.7716,9.0121,-7.0787,1.1837,3.8656,-7.0732,-5.4892,1.2094,1.268,1.3264,1.3881,1.4571,1.5389,1.6375,1.7422,1.8131,1.8388,1.8371,1.8236,1.8082,2.7538
92.066,-5.2279,-1.0197,-6.3347,-5.7673,-8.7635,-8.2179,7.8604,-1.6817,-1.6877,6.4109,-4.4981,-5.2818,1.1927,1.247,1.3071,1.374,1.4517,1.5464,1.6653,1.7964,1.8876,1.9176,1.91,1.8862,1.8587,2.7538
95.218,-5.0702,3.5742,-7.1506,-4.577,-2.3425,-4.8976,0.86488,-3.1999,4.5266,0.081245,-1.8943,-2.6831,1.2259,1.2854,1.3437,1.4037,1.47,1.5496,1.6503,1.764,1.8507,1.8799,1.8767,1.8608,1.8419,2.7538
93.255,-4.7105,2.592,-8.767,-0.81155,1.3215,-6.9356,7.1663,0.15446,0.74469,4.48,-5.114,-8.7141,1.2039,1.2636,1.3224,1.3879,1.464,1.5556,1.6704,1.7981,1.8877,1.9171,1.9101,1.8885,1.8636,2.7538
91.676,-5.3161,2.1872,-2.9096,-0.61482,-5.2016,-7.3228,11.363,0.98462,-1.0756,1.8628,-4.9761,-3.9096,1.2068,1.268,1.3307,1.3961,1.4701,1.561,1.6758,1.8017,1.892,1.9216,1.9137,1.8913,1.8663,2.7538
93.763,-2.917,1.8695,-2.2533,-2.8057,-7.7006,-6.7576,1.022,-3.9795,0.25261,0.54833,-1.0582,-0.47466,1.213,1.2744,1.3371,1.4038,1.4801,1.5735,1.6908,1.8175,1.9013,1.924,1.9128,1.8888,1.8622,2.7538
92.45,-4.7331,2.8709,-2.5992,-0.63103,-3.8106,-6.3604,2.5824,-6.738,-2.1634,7.1275,3.2364,-6.0902,1.239,1.3011,1.3631,1.425,1.4918,1.5725,1.675,1.7916,1.8697,1.8947,1.889,1.872,1.8537,2.7538
91.262,-4.9823,1.1469,-6.5631,-3.5758,-6.6477,-3.9433,12.083,-1.6322,2.8119,1.8468,-0.32818,-7.7536,1.1832,1.2392,1.3002,1.3683,1.4473,1.5431,1.6625,1.7935,1.8852,1.9159,1.909,1.886,1.8594,2.7538
93.896,-4.2782,2.0243,-7.335,-4.842,-10.399,-8.9623,1.9144,-1.0477,0.35954,4.5143,-0.1714,-11.488,1.2113,1.2708,1.3325,1.397,1.4689,1.5564,1.6647,1.7809,1.8613,1.8856,1.8769,1.8555,1.8328,2.7538
94.729,-4.8845,1.6871,-7.3767,-3.4012,-5.0089,-4.2715,3.276,2.3655,1.5508,2.6942,-0.50801,-4.2936,1.2123,1.2691,1.3295,1.3921,1.4615,1.5438,1.6436,1.7534,1.8341,1.8639,1.861,1.8441,1.8245,2.7538
93.73,-5.6682,2.756,-5.5634,0.87979,-5.7585,-6.0441,7.2042,3.7743,4.2414,2.1448,-0.98378,-15.368,1.2091,1.2678,1.3291,1.3938,1.466,1.5531,1.6623,1.7825,1.8741,1.9093,1.9082,1.891,1.8698,2.7538
93.412,-5.7401,4.5067,-3.4541,2.2924,-4.4456,-9.6487,4.725,-4.1543,-0.93184,5.6128,-2.355,-1.6416,1.2291,1.2898,1.3533,1.4196,1.4895,1.5701,1.6655,1.7632,1.8282,1.8511,1.8481,1.834,1.8173,2.7538
93.624,-4.9441,-1.0653,-4.6618,-2.9396,-6.3353,-10.167,4.283,0.36612,5.6037,4.3509,-6.9184,-9.0587,1.2115,1.2727,1.3321,1.3961,1.4677,1.5554,1.668,1.7939,1.8863,1.9154,1.9092,1.889,1.8659,2.8381
94.086,-3.4889,-0.421,-8.8198,-1.2341,-6.5705,-11.166,4.324,-5.5648,2.0705,5.7556,-2.1266,-4.943,1.1886,1.2459,1.3072,1.3752,1.4534,1.5473,1.6623,1.7853,1.8684,1.8963,1.8892,1.868,1.844,2.8381
94.278,-4.4739,0.22769,-9.319,-0.5268,-1.7154,-7.2399,4.4151,-1.034,1.0668,5.3878,-1.3829,-1.4574,1.2129,1.2728,1.3352,1.4012,1.4745,1.5616,1.6693,1.7883,1.8713,1.8993,1.8928,1.8715,1.8479,2.8381
94.395,-4.1447,0.782,-7.498,-3.3672,-4.2654,-5.4637,7.3555,-1.6339,3.7801,7.785,-4.5634,-9.6357,1.2182,1.2813,1.3433,1.4083,1.4788,1.5656,1.6736,1.7919,1.8745,1.8991,1.8904,1.869,1.8453,2.8381
93.341,-4.2709,2.576,-7.1467,-3.259,-7.3934,-2.3899,6.6154,-1.4001,2.0484,6.2365,-0.58265,-6.5906,1.1905,1.2457,1.3078,1.375,1.4533,1.5477,1.6675,1.8098,1.9096,1.9397,1.9303,1.9051,1.8769,2.8381
96.128,-3.6634,3.1293,-8.2976,-1.9546,-3.0854,-4.1439,1.4084,-2.9034,4.7633,8.5769,-4.862,-4.962,1.2283,1.2901,1.3533,1.416,1.4851,1.5648,1.6577,1.7544,1.8214,1.8462,1.8435,1.8299,1.8143,2.8381
93.436,-4.3714,2.0014,-7.6012,-0.55573,-3.3462,-6.4273,10.005,-3.3452,3.0791,5.2866,-1.7107,-4.7195,1.2222,1.2879,1.3526,1.4181,1.4907,1.5774,1.6835,1.8011,1.8805,1.9049,1.8978,1.8783,1.8569,2.8381
93.327,-5.1578,0.55608,-7.1634,0.82084,-3.6379,-3.747,9.5142,-2.1262,0.14407,-0.28371,-0.66241,-6.7096,1.1913,1.2494,1.3117,1.3796,1.4572,1.5502,1.6636,1.785,1.8762,1.9107,1.9074,1.8876,1.8633,2.8381
95.471,-2.9127,2.8998,-8.9734,-1.3703,-4.144,-10.617,0.44058,-3.1074,2.3082,6.2102,2.3792,-5.1437,1.2152,1.2744,1.3334,1.3966,1.467,1.5514,1.6564,1.7749,1.8611,1.8891,1.883,1.8628,1.8398,2.8381
92.471,-5.2364,3.1245,-5.396,-1.8131,-3.5747,-6.017,4.7389,4.1075,0.84332,-0.76324,-0.43586,-6.1854,1.2359,1.2985,1.3596,1.4195,1.4867,1.5667,1.6676,1.7783,1.852,1.877,1.8716,1.8547,1.8365,2.8381
94.294,-3.9339,-0.079394,-6.1717,-1.2256,-1.3295,-8.9208,4.5537,-1.5155,5.7726,1.984,-6.0708,-5.9199,1.1896,1.2447,1.3064,1.3753,1.4556,1.5512,1.6696,1.8031,1.9014,1.9315,1.9225,1.8978,1.8699,2.8381
93.228,-3.8688,1.3051,-6.9072,-1.1281,-9.301,-9.1985,5.7171,-4.5862,2.7776,5.1538,3.6583,-3.5616,1.2208,1.2818,1.3444,1.4093,1.4813,1.5665,1.6695,1.7811,1.8592,1.8887,1.886,1.869,1.8483,2.8381
94.592,-3.9462,0.4046,-4.8727,-0.38248,-4.6663,-7.0978,7.1863,0.60953,4.7295,8.2377,-5.6323,-5.8181,1.196,1.2523,1.3134,1.3804,1.4583,1.551,1.6643,1.7867,1.8692,1.899,1.8938,1.8736,1.8498,2.8381
94.744,-5.1206,0.96422,-8.3119,1.0106,-3.489,-7.2305,6.6997,-2.1891,-1.482,9.6938,1.9382,-6.498,1.1988,1.2546,1.3143,1.3812,1.4605,1.5565,1.6752,1.806,1.897,1.9277,1.9197,1.8965,1.8696,2.8381
93.759,-3.7522,1.9183,-6.2164,-3.8256,-6.8841,-5.6702,6.9506,-1.0576,1.869,5.046,0.74919,-8.0605,1.2078,1.2672,1.3273,1.394,1.4683,1.5541,1.6581,1.7667,1.8472,1.8772,1.8738,1.8562,1.8353,2.8381
96.071,-4.1056,0.61536,-8.1497,-0.81843,-3.8887,-7.1215,7.0581,-3.7161,-0.91359,8.0048,-2.363,-9.1266,1.2047,1.2635,1.3241,1.3883,1.4613,1.5447,1.6438,1.7487,1.8251,1.8548,1.8539,1.8396,1.8226,2.8613
93.238,-3.825,2.1426,-9.8835,-3.3981,-5.2186,-8.6768,1.2982,1.3047,-2.2855,9.2839,3.8159,-9.1244,1.1819,1.2377,1.2993,1.3695,1.4507,1.5503,1.6726,1.8021,1.891,1.9195,1.9111,1.8877,1.861,2.8613
93.995,-4.1995,0.3169,-5.5629,0.34307,-3.651,-4.163,3.0372,-0.13439,7.1551,8.4935,-2.9638,-12.305,1.2119,1.2719,1.3347,1.401,1.4748,1.5655,1.6792,1.8062,1.889,1.914,1.9052,1.8831,1.8589,2.8613
93.648,-5.145,0.89104,-3.5197,0.21582,-5.8112,-4.6321,4.2127,-3.6288,3.7017,10.673,1.6738,-10.456,1.1949,1.2561,1.3209,1.3896,1.4666,1.5589,1.6707,1.7874,1.8688,1.8968,1.8902,1.8692,1.8456,2.8613
93.48,-4.1844,3.603,-5.8448,-6.5724,-8.0687,-6.0182,7.2488,-4.0137,6.1009,5.1443,-2.7574,-12.359,1.1873,1.2436,1.3035,1.3713,1.4485,1.5407,1.653,1.7787,1.8618,1.8902,1.8858,1.867,1.8444,2.8613
95.121,-4.3237,2.6412,-5.7391,-2.9636,-4.6799,-5.856,6.2167,-0.40934,2.8343,2.6541,-0.022688,-4.2919,1.2025,1.2637,1.3276,1.3941,1.4674,1.555,1.6642,1.7795,1.8579,1.883,1.8751,1.8538,1.8299,2.8613
93.228,-5.4095,0.45558,-6.8563,-1.4147,-4.4077,-9.2666,10.758,1.4809,1.3503,6.7249,-0.5087,-7.5559,1.2318,1.295,1.3548,1.4131,1.4763,1.5541,1.6509,1.7583,1.8374,1.8661,1.8646,1.8512,1.8365,2.8613
93.108,-4.9033,-1.2735,-8.6445,-1.5586,-6.6725,-7.0838,7.6844,-1.9945,0.7262,5.6363,-6.0646,-9.4267,1.1891,1.2449,1.3069,1.3754,1.4551,1.5528,1.6734,1.808,1.9033,1.9322,1.9228,1.898,1.8697,2.8613
93.507,-5.6313,0.17075,-5.0658,-3.5428,-5.5526,-11.518,3.2015,-3.2711,-1.7416,2.9408,1.257,2.3199,1.2163,1.279,1.3418,1.4054,1.4729,1.5528,1.65,1.7569,1.8386,1.8678,1.8652,1.85,1.832,2.8613
94.761,-4.887,2.046,-6.4241,-1.5473,-2.5938,-2.3048,4.0828,-2.1478,6.5396,1.4071,-1.5541,-7.5577,1.2059,1.2641,1.3252,1.3885,1.4598,1.5453,1.6496,1.761,1.8431,1.8731,1.8689,1.851,1.8305,2.8613
93.981,-4.5204,0.39634,-4.939,1.0213,-2.6146,-5.508,7.4357,-1.1811,-0.45142,-1.9555,-2.8244,-2.905,1.1871,1.2429,1.3039,1.3725,1.4523,1.5486,1.6679,1.7933,1.8786,1.9074,1.902,1.8816,1.8576,2.8613
94.425,-5.4226,1.9368,-4.2943,-1.564,-7.0694,-10.053,6.3266,-2.6817,-0.23906,3.6205,1.8677,-1.6641,1.2102,1.2675,1.3259,1.3884,1.4597,1.546,1.652,1.7692,1.8608,1.8917,1.8866,1.8664,1.8436,2.8613
93.584,-5.4357,1.7123,-5.624,2.287,-3.3016,-7.5142,2.4721,2.2137,3.8538,4.4482,-1.0173,-4.622,1.2197,1.277,1.3363,1.3989,1.4682,1.5498,1.6502,1.76,1.8402,1.8693,1.8681,1.8543,1.838,2.8613
92.967,-6.7049,4.1156,-6.309,-1.6382,-8.5725,-8.7821,8.4278,2.7815,-0.11987,2.9886,-2.5517,-8.7844,1.1741,1.2301,1.2931,1.3626,1.4443,1.5429,1.6655,1.8039,1.905,1.9369,1.929,1.9044,1.8759,2.8613
92.589,-6.2579,-0.37756,-9.7799,-4.551,-5.601,-5.5192,8.1009,0.16033,5.9801,4.3028,-0.2816,-4.2672,1.2072,1.2673,1.3282,1.3926,1.4636,1.5468,1.6472,1.7505,1.8249,1.8541,1.8543,1.8427,1.8284,2.8613
93.218,-4.6668,2.047,-4.2185,1.4571,-5.5132,-3.3232,5.5531,1.2916,2.513,2.9337,-4.6373,-10.959,1.2017,1.2602,1.3211,1.3871,1.4637,1.558,1.6765,1.8012,1.8848,1.9131,1.9065,1.8856,1.8611,2.8882
95.113,-4.0122,0.78404,-6.7063,-1.4579,-4.4459,-7.3789,4.9331,-0.73079,1.4301,2.4512,4.0627,-9.8553,1.2001,1.2566,1.3179,1.3845,1.4601,1.5527,1.6681,1.7982,1.8908,1.924,1.9187,1.897,1.8718,2.8882
93.161,-5.0426,2.8019,-6.4624,-0.5806,-2.7266,-2.5688,4.681,-8.1136,1.0307,8.001,5.6898,-9.473,1.198,1.2568,1.317,1.3836,1.4591,1.5478,1.6569,1.7787,1.8651,1.8944,1.8884,1.8674,1.8434,2.8882
93.582,-5.1714,0.52425,-8.7526,-2.28,-5.3625,-5.2147,7.7851,-5.0948,0.91613,2.5464,-2.0731,1.5886,1.2332,1.2942,1.3541,1.4161,1.4834,1.5647,1.6657,1.779,1.8633,1.8945,1.8919,1.8753,1.8567,2.8882
94.442,-4.9708,0.31511,-9.5769,-1.1869,-7.8191,-7.177,4.8198,-3.0315,0.46048,5.8608,-5.8162,-10.896,1.1894,1.2459,1.3065,1.3748,1.4527,1.5457,1.6577,1.7758,1.8559,1.8856,1.8808,1.8608,1.8376,2.8882
94.293,-4.8046,-0.33397,-5.2826,5.3368,-4.5953,-9.6141,-0.084409,-6.694,4.7562,10.236,3.5472,0.179,1.2074,1.2656,1.3256,1.3896,1.462,1.5491,1.6572,1.7777,1.8624,1.8922,1.8887,1.8711,1.8498,2.8882
94.44,-4.559,2.2421,-8.1694,1.3256,-8.2588,-2.9067,10.624,-1.0176,5.379,-0.26735,-4.8628,-7.8646,1.2081,1.272,1.3366,1.4026,1.4751,1.5613,1.6667,1.7776,1.8584,1.8889,1.8846,1.8662,1.8451,2.8882
92.09,-4.5477,0.96366,-7.0406,3.6928,-2.3506,-6.3599,10.834,-5.4229,-4.88,8.5463,-4.5034,-3.1907,1.1939,1.251,1.3126,1.3825,1.4623,1.5588,1.6789,1.8146,1.9086,1.9388,1.9312,1.9071,1.8791,2.8882
94.076,-3.7328,0.63368,-7.2873,1.0434,-3.6991,-8.8896,9.9118,-1.2304,2.456,3.1574,-6.9562,-5.5563,1.2041,1.2634,1.3222,1.3869,1.46,1.5471,1.6545,1.7707,1.8552,1.887,1.8831,1.865,1.8437,2.8882
93.898,-5.0538,-0.72356,-5.1734,1.5521,-1.2283,-6.561,6.938,-0.79287,3.3204,0.68002,-2.462,-6.4755,1.2048,1.2646,1.3286,1.3976,1.4758,1.5699,1.6837,1.8029,1.8847,1.909,1.9009,1.8802,1.8577,2.8882
93.715,-5.0314,-0.088679,-5.2369,-1.1262,-2.831,-5.6898,5.8308,-2.277,3.3567,5.9486,-1.5157,-10.818,1.1872,1.2448,1.3071,1.3788,1.4605,1.5577,1.6766,1.8043,1.8908,1.9163,1.9077,1.8849,1.8591,2.8882
93.462,-5.9205,-1.2303,-4.9476,-0.8659,-1.6963,-7.8071,5.8001,-0.25206,0.44714,3.4755,0.76267,-8.8817,1.23,1.2932,1.3537,1.4118,1.475,1.5506,1.6447,1.7487,1.8333,1.8688,1.8719,1.8616,1.8482,2.8882
93.996,-7.5468,3.338,-6.3492,0.5886,-4.2458,-5.1701,5.2138,-2.7953,6.3411,9.348,-2.3435,-12.412,1.2072,1.268,1.329,1.3934,1.4638,1.5471,1.6458,1.75,1.8235,1.8533,1.8536,1.8402,1.8236,2.8882
94.817,-5.1375,-0.222,-6.4978,-1.9499,-0.9035,-2.3032,8.4093,-3.8704,3.9237,4.9197,-3.2418,-7.9223,1.1926,1.25,1.31,1.3755,1.4523,1.5437,1.6563,1.7888,1.8839,1.9141,1.9081,1.8871,1.8629,2.8882
92.859,-4.362,2.2453,-5.3185,-1.0703,-5.1488,-2.3089,9.1544,-3.2185,0.74979,6.134,-1.0943,-7.8615,1.217,1.2771,1.3374,1.3988,1.4686,1.5526,1.6577,1.775,1.8599,1.8928,1.8921,1.8766,1.858,2.8882
94,-5.2322,-0.49816,-7.2972,-0.63219,-3.3646,-5.2116,4.4334,-5.0447,3.3529,8.0329,0.45326,-10.081,1.2279,1.2871,1.346,1.4084,1.4746,1.5524,1.6457,1.7464,1.8226,1.8532,1.8548,1.8451,1.8327,2.8047
92.863,-5.7551,-1.3172,-5.9064,-0.043005,-4.6032,-4.1941,4.7662,-1.4448,1.4025,4.4957,-1.4485,-2.1381,1.1867,1.2427,1.3042,1.3721,1.4509,1.5478,1.6692,1.8048,1.8943,1.9207,1.9123,1.888,1.8611,2.8047
92.195,-5.8676,2.7919,-6.8044,-0.28285,-4.0406,-9.3042,2.9961,0.74043,6.8377,4.4825,3.9596,-6.5504,1.2211,1.2822,1.3446,1.4083,1.4803,1.5668,1.6785,1.8106,1.8997,1.927,1.9188,1.8964,1.8715,2.8047
94.085,-4.9023,1.726,-6.6796,-2.2716,-1.475,-7.5041,1.6991,-4.4242,7.4795,5.2515,-0.28029,-3.7069,1.2122,1.2716,1.3337,1.3986,1.4712,1.5583,1.6657,1.7819,1.8662,1.8966,1.8921,1.8738,1.8527,2.8047
93.713,-4.0273,1.462,-5.7613,-1.7313,-11.79,-4.0717,9.4025,2.1062,0.5506,3.4563,-1.9022,-1.4433,1.1924,1.2496,1.3118,1.3793,1.4573,1.5503,1.6645,1.7887,1.8745,1.9031,1.8969,1.8749,1.8497,2.8047
93.427,-4.5567,1.5617,-6.1695,3.4536,-3.4244,-8.5175,9.9165,1.9559,3.8663,1.5578,0.89558,-1.7952,1.1991,1.2556,1.3146,1.3794,1.4537,1.5427,1.655,1.778,1.8648,1.8952,1.891,1.8731,1.8512,2.8047
94.015,-4.8408,2.869,-6.8024,0.51279,-4.417,-4.731,9.9763,0.87004,-0.46876,-2.9551,-1.0282,-9.845,1.2013,1.2595,1.32,1.3865,1.4602,1.5468,1.6508,1.7628,1.8475,1.8844,1.8874,1.8741,1.8559,2.8047
92.217,-5.4882,0.60364,-4.8681,3.3131,-8.7431,-7.7053,7.8433,-2.0238,-2.2228,7.165,4.16,-0.97425,1.1864,1.2423,1.3058,1.3768,1.4575,1.5543,1.6742,1.8069,1.8956,1.922,1.9129,1.8887,1.8613,2.8047
93.368,-4.1743,1.3124,-5.2399,1.1438,-5.3953,-6.417,4.6855,3.2441,-1.8993,0.060866,3.8259,-4.8285,1.2028,1.2632,1.3262,1.3927,1.4696,1.5639,1.6853,1.8288,1.9274,1.9526,1.9398,1.9129,1.8838,2.8047
91.158,-5.7506,2.2976,-4.1467,-3.4984,-4.8724,-3.7165,3.1418,0.33642,3.3523,0.063124,0.33007,-8.0994,1.2114,1.271,1.3306,1.3959,1.4725,1.5672,1.6878,1.8276,1.9177,1.9413,1.9294,1.9038,1.8758,2.8047
93.502,-3.2923,-0.64247,-4.4215,-2.5651,-7.6245,-2.3374,2.7035,-3.6841,0.3256,3.7913,0.71495,-4.7664,1.1956,1.253,1.3158,1.3843,1.4626,1.5583,1.678,1.8122,1.9035,1.9303,1.9199,1.8948,1.8664,2.8047
92.387,-4.6551,0.57591,-7.4955,-2.3166,-7.2488,-8.3215,3.6597,1.686,2.8069,10.362,2.4262,-8.3122,1.2032,1.2621,1.3225,1.3875,1.4613,1.5506,1.6605,1.7833,1.8701,1.8967,1.89,1.8694,1.8467,2.8047
94.504,-3.4102,2.7158,-8.0366,-1.938,-3.4472,-2.9079,5.5771,1.4892,5.1002,5.4747,-2.8351,-9.0331,1.223,1.2854,1.3454,1.4075,1.4778,1.5604,1.661,1.7666,1.8396,1.8686,1.8689,1.8557,1.8392,2.8047
93.257,-5.1761,2.2416,-7.0038,0.92785,-3.0263,-8.4315,8.4449,0.12089,7.7893,8.4062,-8.8656,-11.707,1.1955,1.2524,1.3133,1.381,1.4609,1.5572,1.6744,1.8023,1.8928,1.9215,1.9137,1.8909,1.8652,2.8047
94.287,-4.8354,0.5913,-6.5512,-0.735,-3.0532,-8.4495,6.2551,-1.3063,7.3601,8.1956,2.6719,-5.5953,1.2021,1.2582,1.3168,1.3789,1.4478,1.5289,1.6282,1.7414,1.824,1.8572,1.8592,1.8469,1.8314,2.8047
94.067,-5.1365,1.6519,-6.0874,1.5199,-5.3809,-7.2639,5.5259,-1.4287,0.89382,2.5663,-1.5416,-11.357,1.2215,1.2841,1.3453,1.4072,1.4763,1.5607,1.6666,1.7856,1.87,1.8974,1.8931,1.8763,1.8574,2.855
93.619,-5.0905,-0.90506,-7.6092,0.47616,-6.8644,-11.595,4.0461,-4.3173,2.6383,4.6972,-2.2114,-6.3043,1.1823,1.2367,1.2968,1.3655,1.4449,1.5402,1.6572,1.7832,1.8738,1.903,1.8976,1.8773,1.8525,2.855
94.317,-4.0116,1.9882,-9.082,0.65021,-3.3244,-4.9838,6.2501,0.74145,3.0422,4.3941,-1.8951,-5.7679,1.2395,1.2989,1.358,1.418,1.4838,1.5626,1.6621,1.7721,1.8476,1.873,1.8695,1.8547,1.8378,2.855
93.942,-4.2877,0.31878,-6.4556,0.80043,-5.0595,-8.9552,4.8914,2.9416,7.0021,3.1419,0.062384,-8.7313,1.2098,1.2635,1.3198,1.3817,1.4549,1.5424,1.6507,1.7645,1.8475,1.8775,1.8748,1.8591,1.8404,2.855
93.846,-4.7274,0.76897,-6.0481,-0.030089,-6.8819,-8.5421,6.5318,-2.831,3.1747,5.9511,3.7256,-4.7962,1.193,1.2517,1.314,1.3818,1.4612,1.5571,1.6789,1.8114,1.8986,1.9255,1.9171,1.8931,1.8662,2.855
93.503,-4.0123,1.8212,-6.6023,-0.0029149,-1.7849,-4.9188,8.5323,-0.048484,0.10456,-0.1188,-0.6865,-4.3963,1.2174,1.2761,1.3341,1.3956,1.4655,1.5502,1.6566,1.7794,1.8723,1.903,1.8976,1.8778,1.8543,2.855
91.304,-6.0671,2.9196,-3.156,-1.116,-4.846,-3.5143,11.552,4.9342,-4.1774,-4.7851,-2.3824,-7.8836,1.2372,1.3027,1.3646,1.4286,1.4995,1.5844,1.6924,1.8143,1.893,1.9148,1.9053,1.8845,1.8628,2.855
92.401,-4.9511,-0.51476,-7.4471,-1.4079,-9.2787,-6.8405,4.3422,4.1869,-0.66335,0.5073,-1.2139,-0.78673,1.1845,1.24,1.2996,1.3689,1.4499,1.5499,1.6745,1.8132,1.9103,1.9376,1.9275,1.9018,1.8727,2.855
92.68,-5.1482,1.4287,-5.3569,-2.85,-7.3497,-11.139,6.3035,-7.99,-5.7883,2.1842,1.0326,-0.10873,1.209,1.2687,1.3307,1.3953,1.4695,1.5583,1.6673,1.7817,1.8629,1.8921,1.8881,1.8699,1.8486,2.855
92.36,-5.3249,1.9957,-5.5458,0.82864,-6.6811,-0.85664,10.129,-1.5473,4.7866,2.8472,-3.6986,-3.9493,1.2255,1.2881,1.3519,1.4165,1.4883,1.5745,1.6818,1.8051,1.8893,1.914,1.9052,1.8837,1.8605,2.855
91.984,-3.4965,1.1387,-4.7811,1.9672,-6.1824,-4.6409,6.164,-2.5161,2.8469,10.087,1.8429,-7.8376,1.2011,1.2615,1.3258,1.3964,1.4757,1.5741,1.6998,1.8475,1.941,1.9631,1.9474,1.9179,1.8868,2.855
92.609,-5.7987,2.1632,-2.9199,0.070435,-7.1564,-9.406,5.1741,-7.6147,-3.9481,5.6674,1.4166,-0.34805,1.2201,1.2804,1.3418,1.4039,1.4733,1.5573,1.6622,1.7764,1.8602,1.8909,1.8872,1.8689,1.8477,2.855
93.679,-5.5109,2.3588,-3.5083,1.2913,0.91106,-7.2976,-0.2694,-3.1898,-1.3277,5.7094,-2.3925,-2.229,1.2224,1.2852,1.3468,1.41,1.4802,1.5641,1.6686,1.781,1.8583,1.8861,1.8823,1.8657,1.8462,2.855
93.667,-6.0142,-0.31162,-7.4499,-0.24372,-2.2934,-7.9696,6.0302,3.9353,-2.7798,3.7234,-1.6729,-3.8897,1.2017,1.2566,1.3164,1.3824,1.4601,1.5518,1.6639,1.7843,1.8666,1.8948,1.8894,1.8698,1.8471,2.855
94.172,-5.5557,-0.41738,-10.362,-4.145,-6.9373,-10.292,4.4605,2.1023,-0.60735,4.0268,3.2937,-1.9761,1.23,1.2897,1.3466,1.4023,1.4606,1.5306,1.6162,1.7078,1.7749,1.8041,1.8089,1.802,1.7923,2.855
93.708,-3.575,0.50091,-8.3635,2.2994,-3.9142,-6.6119,6.4705,1.1073,2.1378,11.119,-0.79802,-5.0958,1.2166,1.2745,1.3347,1.4001,1.4757,1.5648,1.6737,1.7971,1.8851,1.911,1.9016,1.88,1.856,2.6132
94.41,-4.4296,0.64993,-6.5797,1.5872,-2.7185,-8.4756,7.1761,-5.3612,-1.837,3.8218,1.863,3.1437,1.1893,1.2458,1.3075,1.3762,1.455,1.551,1.6683,1.7971,1.8862,1.9162,1.9106,1.8884,1.862,2.6132
92.853,-4.369,1.8378,-5.3381,1.6522,-0.94676,-8.3435,4.8182,-5.9439,1.5555,1.6941,-1.4369,-2.1836,1.2145,1.2775,1.3391,1.4045,1.4777,1.5672,1.68,1.8068,1.8923,1.9173,1.9076,1.8848,1.8599,2.6132
93.185,-5.2858,1.5804,-8.3682,-0.77362,-5.9341,-5.2021,8.2983,-2.4485,0.9745,2.4902,-1.6646,-3.3625,1.2372,1.2998,1.3602,1.4212,1.4887,1.5693,1.6697,1.7787,1.8535,1.8812,1.8792,1.8656,1.8494,2.6132
93.175,-4.8595,-3.0373,-7.3537,-5.0773,-2.3847,-8.7756,8.2644,-3.3432,1.3698,4.6598,-0.80136,-4.1466,1.1793,1.2355,1.2978,1.366,1.4462,1.5413,1.6558,1.78,1.8657,1.8969,1.892,1.8713,1.8467,2.6132
93.504,-3.0505,2.0182,-8.7063,-0.57015,-2.8151,-8.3191,4.0799,-4.788,4.4688,7.4957,-1.3114,-3.951,1.2036,1.2644,1.3272,1.3929,1.4659,1.5511,1.6534,1.7581,1.8328,1.8609,1.8589,1.8442,1.8264,2.6132
93.217,-5.0263,0.86104,-7.6279,-0.85084,-4.007,-2.0382,7.0859,1.2197,1.7571,3.8239,-1.8298,-8.5578,1.2182,1.2805,1.3451,1.4124,1.4886,1.5773,1.6867,1.8083,1.8876,1.9094,1.899,1.8771,1.8538,2.6132
94.038,-5.4246,1.4652,-6.4346,0.11312,-2.124,-7.9547,6.8646,-1.3135,2.2689,8.427,-2.0412,-9.4654,1.1997,1.2567,1.3171,1.3824,1.4563,1.5441,1.6542,1.777,1.8627,1.894,1.8903,1.8724,1.8509,2.6132
95.286,-2.9814,2.5482,-6.0603,3.2782,-5.9467,-11.664,2.1497,-3.2895,1.3475,-0.15561,4.9485,-5.2673,1.2134,1.2701,1.3277,1.3889,1.4596,1.5458,1.6528,1.7771,1.8651,1.8926,1.8857,1.8664,1.8447,2.6132
93.141,-4.7656,2.8466,-6.6956,3.1051,-7.2553,-7.142,9.2049,-2.5176,2.0394,-0.87761,-6.4124,-2.4385,1.2242,1.283,1.3416,1.4002,1.4659,1.5443,1.6379,1.7371,1.8083,1.8364,1.837,1.8261,1.8122,2.6132
93.402,-3.1314,-0.2969,-10.047,4.1529,-6.3093,-8.7022,9.8315,-5.858,4.7621,2.8756,-3.5109,-2.9037,1.1932,1.2488,1.3093,1.3754,1.4527,1.5462,1.6658,1.8054,1.9044,1.9361,1.9292,1.9054,1.8782,2.6132
95.283,-3.7085,2.9742,-9.7358,-1.4432,-4.4284,-12.957,7.1959,-4.0722,-2.8099,8.8911,-0.27209,-4.7227,1.1995,1.2535,1.3095,1.3711,1.4397,1.518,1.6063,1.6959,1.7634,1.793,1.7983,1.7929,1.7843,2.6132
94.381,-5.3209,2.1714,-4.3846,0.12526,-0.79329,-9.5725,4.5458,-3.276,-0.99511,11.637,-2.7653,-4.415,1.1973,1.2545,1.3151,1.3818,1.4569,1.5483,1.6614,1.787,1.8752,1.905,1.8997,1.8792,1.8557,2.6132
93.219,-6.0572,1.173,-8.6766,6.4829,-2.8405,-9.6998,8.8493,3.3761,0.43215,12.796,-5.6342,-2.6189,1.2029,1.262,1.3236,1.3879,1.4616,1.5512,1.6629,1.7828,1.8685,1.896,1.8892,1.8692,1.847,2.6132
94.154,-3.9051,0.75775,-5.3351,0.62863,-3.9735,-10.021,6.1036,0.11818,-0.87725,6.667,3.2564,-5.4175,1.2103,1.2728,1.3366,1.4017,1.4727,1.5565,1.6616,1.7768,1.8544,1.8781,1.8701,1.8489,1.8256,2.6132
91.694,-6.2391,2.2297,-5.8857,1.6482,-6.5978,-9.4074,8.327,1.9408,7.0234,10.623,1.53,-1.851,1.2473,1.3071,1.3673,1.4274,1.4906,1.5672,1.6617,1.7631,1.8336,1.8575,1.8539,1.8401,1.8253,2.6487
94.115,-3.9223,4.3605,-4.9601,-0.086465,-7.6607,-11.252,6.0507,-2.11,-1.3524,5.8299,3.1675,-4.443,1.1781,1.2314,1.29,1.3584,1.4388,1.5355,1.6559,1.8004,1.9081,1.9426,1.9361,1.912,1.8834,2.6487
93.236,-5.3995,1.4612,-6.6573,-0.55376,-1.3195,-9.4337,0.2317,-1.9012,0.70574,5.8875,2.9644,-4.8396,1.2302,1.2959,1.3595,1.4226,1.4897,1.567,1.6611,1.7616,1.8301,1.8504,1.845,1.8292,1.8127,2.6487
92.615,-4.4681,0.85954,-6.2188,-0.31644,-4.9022,-5.5644,9.9575,-0.54209,0.13343,6.1526,-4.8178,-5.522,1.1958,1.2514,1.3134,1.3803,1.4575,1.5494,1.6644,1.7954,1.8869,1.9145,1.9056,1.8825,1.8558,2.6487
92.874,-4.1675,1.7322,-3.679,-0.43212,-7.8674,-10.163,6.9192,0.012761,4.2902,5.699,-2.0147,-6.18,1.1921,1.2501,1.3116,1.3784,1.4563,1.5513,1.6688,1.7979,1.8863,1.9145,1.9068,1.8843,1.8593,2.6487
96.695,-4.2296,3.5862,-6.2423,-1.5874,-5.2536,-5.9233,2.8909,-1.4147,3.2693,6.7015,4.7764,-8.1365,1.196,1.2508,1.3087,1.3728,1.4446,1.5301,1.6338,1.7441,1.8271,1.8595,1.8585,1.843,1.8236,2.6487
95.583,-4.9038,1.6255,-7.9993,0.9079,-2.3259,-7.4759,7.6275,1.8111,3.099,0.35209,-6.0329,-8.7872,1.2393,1.3002,1.3579,1.4137,1.4731,1.5408,1.6202,1.7042,1.7651,1.7898,1.7917,1.7844,1.7754,2.6487
92.201,-4.6155,0.82364,-5.7638,1.0504,-5.5389,-10.34,6.4578,3.3179,-3.1206,4.1432,2.6965,-7.0322,1.1752,1.231,1.2929,1.3628,1.4442,1.5434,1.6689,1.8158,1.9202,1.95,1.9389,1.9113,1.8806,2.6487
95.781,-2.8945,0.45127,-2.1655,0.76286,-7.903,-12.437,1.9994,-2.2755,1.4129,1.769,0.83603,-2.2409,1.2158,1.2735,1.3308,1.3899,1.4566,1.5372,1.6383,1.7501,1.8247,1.8471,1.8407,1.8227,1.803,2.6487
92.41,-7.5238,1.2441,-4.1529,2.1711,-2.1598,-6.1824,2.2991,-5.4133,3.4542,2.0511,2.7776,-9.3517,1.2013,1.2593,1.3205,1.3851,1.4585,1.5468,1.6552,1.778,1.8674,1.898,1.8942,1.8755,1.8531,2.6487
91.451,-4.1738,-0.87047,-5.8747,3.0046,-6.9246,-9.4378,5.4821,0.85291,5.4526,9.2793,-3.1721,-13.954,1.2088,1.2668,1.3276,1.3945,1.4707,1.5637,1.6736,1.7894,1.8664,1.8891,1.8803,1.859,1.8354,2.6487
94.703,-3.5089,0.9915,-9.0158,-0.71302,-6.9857,-14.704,6.4647,-1.4656,0.90538,6.166,-1.5748,-10.145,1.203,1.2588,1.3184,1.3829,1.4562,1.5425,1.6492,1.7692,1.8551,1.8831,1.8776,1.8577,1.8348,2.6487
95.095,-3.0908,1.4235,-8.0018,1.6478,1.5502,-8.1375,3.9956,-0.59446,0.045634,-1.2689,-1.0541,-4.2379,1.2392,1.302,1.3624,1.421,1.4842,1.5574,1.6438,1.7347,1.7904,1.8062,1.8005,1.7863,1.7718,2.6487
94.575,-3.5511,-0.97306,-5.5488,2.9358,-4.8059,-8.8129,4.0103,2.8744,9.3382,3.8912,-8.3305,-12.744,1.1667,1.2205,1.2797,1.3499,1.4326,1.5344,1.662,1.8031,1.9049,1.9369,1.9279,1.9026,1.8728,2.6487
94.455,-3.6114,1.6177,-5.5188,2.1268,-6.5468,-10.807,4.8144,1.5638,2.7879,-1.2164,4.2806,-9.7204,1.2088,1.2654,1.3258,1.3919,1.4655,1.5546,1.6627,1.7757,1.8464,1.8691,1.8618,1.8428,1.8217,2.6487
93.116,-5.6676,0.070004,-7.3249,3.7661,-4.7258,-10.993,5.9442,-0.56961,-0.032784,8.9604,0.84997,-6.2827,1.2138,1.2711,1.3282,1.3915,1.4631,1.5489,1.6529,1.7659,1.8509,1.8795,1.875,1.8562,1.8351,2.7181
93.55,-4.7003,1.3254,-6.9518,-2.5864,-10.922,-12.038,7.7435,-4.2694,-1.2479,0.4765,-0.69659,-2.9082,1.1915,1.2469,1.306,1.372,1.4467,1.5385,1.6525,1.785,1.8835,1.917,1.9122,1.8918,1.8676,2.7181
93.671,-5.2011,2.8894,-3.5954,0.413,-3.3506,-7.705,4.7036,-1.5688,4.4277,0.99595,-3.3721,-5.5201,1.1881,1.2446,1.3065,1.3752,1.4538,1.5467,1.661,1.7831,1.8716,1.9044,1.8995,1.8794,1.8549,2.7181
93.792,-4.7996,1.6975,-4.237,-1.1272,-3.5433,-6.9421,5.6411,1.522,5.5011,6.9573,-2.0712,-11.74,1.2198,1.2836,1.3441,1.4051,1.4712,1.5489,1.6446,1.7491,1.8198,1.844,1.8404,1.8253,1.8091,2.7181
94.466,-4.0572,2.1137,-4.5927,-4.3284,-5.5424,-7.7923,6.2729,-1.9108,-2.009,4.3602,3.6015,-10.915,1.1884,1.2429,1.3047,1.3745,1.4555,1.5534,1.6723,1.8002,1.8901,1.9182,1.9105,1.8873,1.8609,2.7181
96.008,-3.4585,2.1086,-4.3415,0.27844,-2.2022,-13.38,3.8221,1.2078,0.19818,1.8505,-0.74941,-4.3226,1.2137,1.2721,1.3322,1.3957,1.4669,1.5504,1.6519,1.7613,1.8418,1.8733,1.8729,1.8579,1.8386,2.7181
94.479,-5.3361,1.0924,-8.4524,1.1821,-3.3484,-8.9532,6.5843,1.3103,3.6955,6.1608,-1.9211,-12.4,1.2058,1.2617,1.3176,1.377,1.4451,1.5273,1.6287,1.7413,1.8251,1.8562,1.8562,1.8434,1.8271,2.7181
90.706,-6.2109,-0.61165,-3.1753,4.1182,-5.881,-9.3214,4.3958,-1.6369,-1.6626,4.9529,3.1417,-5.8062,1.2049,1.2636,1.3242,1.3903,1.4668,1.5596,1.6781,1.8113,1.9057,1.9308,1.9192,1.8937,1.8669,2.7181
92.802,-5.091,0.54309,-4.7919,0.89597,-4.658,-13.633,0.96316,-8.0675,-4.3003,2.9803,0.41657,-0.7006,1.1982,1.258,1.3187,1.3837,1.4583,1.5474,1.6548,1.7734,1.8595,1.8925,1.8908,1.8735,1.8525,2.7181
93.016,-5.9783,1.736,-0.2231,0.52908,-1.3652,-5.5899,3.7927,-3.4226,5.3966,0.33043,-8.4662,-4.1071,1.2199,1.2843,1.3484,1.4137,1.4851,1.5681,1.6686,1.7781,1.8537,1.878,1.8738,1.8585,1.8407,2.7181
92.515,-4.8707,0.29567,-6.3829,4.4364,0.30531,-5.7619,7.3785,-5.8108,1.5933,5.3493,-4.1264,-9.0617,1.1919,1.2509,1.3134,1.3813,1.4606,1.5555,1.6687,1.7868,1.8682,1.8979,1.8936,1.8741,1.8517,2.7181
94.289,-4.6298,0.81995,-7.4604,0.11442,-3.8277,-5.4728,0.86719,-10.186,-0.72599,6.8013,3.4745,-8.5088,1.2202,1.281,1.3432,1.4078,1.4798,1.5663,1.6754,1.7937,1.8753,1.8986,1.8904,1.87,1.8471,2.7181
93.906,-4.2493,0.85614,-4.891,2.4427,-0.32219,-4.4222,1.8265,-0.32863,4.1421,1.3222,-6.4511,-10.637,1.199,1.2599,1.3225,1.3889,1.4635,1.5537,1.6643,1.7848,1.8675,1.8951,1.8884,1.8684,1.8461,2.7181
94.287,-5.7358,-0.22143,-5.1412,-1.5589,-3.1978,-4.9943,0.52734,2.5918,5.3013,8.7877,-0.69579,-12.79,1.1918,1.2511,1.3122,1.3786,1.4543,1.5472,1.6637,1.793,1.8828,1.914,1.9076,1.885,1.8595,2.7181
93.064,-6.4431,-2.4202,-7.8682,1.1478,-4.65,-4.0771,2.7685,-4.0558,-2.9433,1.7366,-3.0797,-7.9277,1.2073,1.2682,1.3305,1.3964,1.4709,1.5611,1.6746,1.8052,1.8956,1.921,1.9111,1.8889,1.8646,2.7181
94.25,-4.3397,0.6967,-5.7135,-0.19229,-1.6559,-6.1204,5.6884,2.5487,0.40493,0.91987,-2.4609,-9.0959,1.2205,1.2776,1.3361,1.3995,1.4698,1.5548,1.6601,1.7785,1.8613,1.8906,1.8879,1.8711,1.8513,2.6715
93.096,-3.5561,0.55496,-4.388,-0.02833,-3.7315,-2.7185,4.0431,-0.52028,-3.4153,-0.72166,1.3969,-1.6432,1.1876,1.2419,1.3033,1.3721,1.4528,1.5522,1.6757,1.8144,1.916,1.9468,1.9371,1.9108,1.881,2.6715
92.869,-4.4184,-0.2096,-8.8014,2.8285,-0.31477,-4.7443,4.7918,-0.083925,0.56232,-4.338,-3.3518,1.7682,1.2093,1.2687,1.3299,1.397,1.4741,1.5672,1.6835,1.8059,1.8846,1.9076,1.8972,1.8737,1.8484,2.6715
94.331,-4.7133,-0.90985,-7.3975,-0.88193,-4.0757,-5.0144,5.6305,0.1133,3.5068,3.6714,-3.1763,-9.1905,1.2208,1.2857,1.3516,1.4177,1.4892,1.5759,1.6806,1.7903,1.8608,1.8793,1.8693,1.8486,1.8267,2.6715
91.985,-7.4751,-0.87424,-5.1932,-4.446,-5.7936,-6.1605,0.23085,-2.3172,-4.4161,2.0701,2.3098,-0.70031,1.2001,1.2559,1.3157,1.3796,1.4544,1.5439,1.6521,1.7701,1.8585,1.8899,1.8856,1.8674,1.8457,2.6715
94.44,-2.9134,1.4481,-10.457,0.33482,-3.7711,-10.057,3.2534,0.40993,1.3813,-2.1278,-0.53798,0.76956,1.2225,1.2836,1.3433,1.4089,1.4825,1.5705,1.6785,1.7973,1.8811,1.9074,1.8994,1.8788,1.8558,2.6715
92.914,-6.5238,0.077414,-6.3948,0.56807,-4.7999,-2.0829,7.5655,0.58377,3.5211,-1.2153,-0.33476,-3.1384,1.206,1.2607,1.3189,1.3833,1.4566,1.5445,1.6538,1.7761,1.8613,1.8917,1.8877,1.8697,1.8482,2.6715
93.683,-4.8171,0.76095,-7.5646,3.1237,-6.0642,-8.0302,11.885,-0.30997,1.7976,2.7077,-3.3624,-8.308,1.1823,1.2397,1.303,1.3718,1.4513,1.5475,1.6671,1.7994,1.8906,1.9202,1.9133,1.8902,1.8635,2.6715
93.863,-4.2437,4.1111,-4.1167,-2.9109,-3.9026,-8.5531,8.2866,-4.3451,-1.2044,3.2554,-0.27465,-6.9926,1.224,1.2853,1.3438,1.403,1.4695,1.5494,1.6468,1.7522,1.8296,1.8621,1.8635,1.8514,1.8361,2.6715
94,-5.7467,2.9033,-6.1416,-4.6307,-0.5801,3.2263,5.475,-3.5076,3.131,-0.71096,-6.3093,-10.706,1.2103,1.2699,1.3327,1.3991,1.473,1.5596,1.6626,1.7657,1.8367,1.8596,1.8548,1.8395,1.822,2.6715
93.994,-4.3877,0.32717,-9.486,-3.8555,-6.6665,-5.2764,9.7152,-0.50774,2.4238,10.097,-1.2425,-6.2774,1.1945,1.2506,1.3094,1.3766,1.4542,1.5472,1.6604,1.781,1.8682,1.8986,1.8935,1.8722,1.8474,2.6715
94.418,-4.1041,2.9289,-6.7939,-0.62695,-7.7673,-11.421,3.2699,-3.7875,2.6652,6.7269,-2.2673,-7.5522,1.2071,1.2654,1.3258,1.3929,1.4676,1.5559,1.6612,1.7732,1.8525,1.8822,1.8803,1.8639,1.8437,2.6715
94.655,-4.5504,2.8207,-8.403,-1.0494,-1.0144,-6.9857,2.5067,-1.7641,1.6252,6.2538,-4.0549,0.27336,1.2068,1.2644,1.326,1.3904,1.4639,1.5539,1.6624,1.7837,1.87,1.9001,1.8951,1.8759,1.8543,2.6715
92.306,-5.7675,1.5487,-4.7205,-0.5683,-4.0677,-0.46006,10.032,-4.9026,2.0342,3.8317,-3.311,-7.5536,1.189,1.2463,1.3077,1.3774,1.4565,1.5527,1.6719,1.8054,1.8962,1.9236,1.9143,1.8902,1.8627,2.6715
91.452,-4.5776,2.4847,-6.0969,1.8378,-7.82,-7.0272,8.8848,-5.7828,4.4785,6.0166,-3.8911,-11.423,1.2071,1.2639,1.3209,1.382,1.4522,1.5381,1.6443,1.7602,1.8446,1.8758,1.8728,1.8555,1.8351,2.6715
93.175,-5.6545,1.0581,-6.7653,-0.95987,-6.0657,-5.5776,9.9739,0.15861,0.15515,3.6829,5.5509,-7.4672,1.2396,1.3043,1.3608,1.4176,1.4807,1.5582,1.6554,1.7597,1.8313,1.8581,1.857,1.8454,1.8319,2.8624
94.706,-5.2035,2.59,-4.2729,0.030389,-5.2298,-7.2783,4.7075,0.62707,0.17157,3.7253,1.1605,-4.3403,1.1866,1.2429,1.3032,1.3714,1.4507,1.5461,1.6619,1.7884,1.8775,1.9074,1.9013,1.8796,1.8539,2.8624
93.652,-5.2718,0.59264,-7.653,-3.7103,-4.4043,-5.7265,3.9978,-0.37359,4.7227,4.37,-6.8705,3.1126,1.2167,1.2799,1.3424,1.407,1.4795,1.5642,1.6682,1.7783,1.8518,1.8783,1.8724,1.8541,1.8336,2.8624
93.43,-5.5993,0.7095,-4.6658,0.34125,-6.1861,-3.739,11.214,0.51529,0.81577,-1.1092,-6.2563,-2.6272,1.2118,1.2724,1.3318,1.3941,1.4657,1.5516,1.657,1.7677,1.8456,1.8731,1.8692,1.8517,1.8319,2.8624
93.792,-4.7271,1.2389,-6.412,-2.8746,-8.7888,-3.721,7.3294,-0.56921,3.7768,5.1984,-0.15472,-13.677,1.1887,1.2438,1.3062,1.3742,1.4546,1.5512,1.6702,1.7993,1.8851,1.9113,1.9023,1.8791,1.8525,2.8624
96.08,-3.4946,2.1119,-6.0805,-1.8657,-4.746,-8.1141,3.8596,-0.20539,9.0914,4.628,-0.75681,-4.2597,1.2136,1.2769,1.3407,1.4049,1.4767,1.5611,1.6636,1.7723,1.8467,1.8701,1.8639,1.8453,1.8245,2.8624
94.978,-4.8111,0.32534,-8.1257,-0.97554,-3.4589,-1.1638,8.5158,-2.008,2.954,8.0752,-3.2891,-11.673,1.2246,1.2884,1.3535,1.4194,1.4908,1.5722,1.6663,1.7622,1.8255,1.845,1.8397,1.8258,1.8108,2.8624
92.327,-5.732,-0.85492,-6.2491,-1.0642,-2.6662,-2.3272,10.385,0.24446,2.6624,3.7526,-4.6639,-17.303,1.1864,1.2406,1.2999,1.3674,1.4476,1.5438,1.6625,1.7899,1.8763,1.904,1.8969,1.8747,1.8489,2.8624
94.098,-4.0887,0.81546,-6.9883,-2.8309,-5.136,-2.5524,7.9149,-1.7244,2.6857,3.1966,3.3717,-5.8635,1.2148,1.275,1.3353,1.4,1.4708,1.5561,1.6577,1.7659,1.8433,1.8721,1.8699,1.8546,1.8361,2.8624
92.955,-7.0045,0.0046756,-5.7464,-1.1877,-2.2055,0.06963,2.9782,-0.68909,-0.45876,-3.2052,-5.5308,-8.2647,1.201,1.2615,1.3247,1.3933,1.4713,1.5637,1.6776,1.8006,1.8845,1.9109,1.9035,1.882,1.8583,2.8624
92.687,-5.7462,1.0662,-7.2177,-2.6976,-6.4179,-7.7009,4.4756,-3.5757,-1.3533,12.374,9.833,-7.7357,1.1854,1.2413,1.3023,1.3706,1.4492,1.545,1.6628,1.79,1.8778,1.908,1.9023,1.8807,1.8554,2.8624
94.368,-4.1353,1.0432,-8.6782,-5.0902,-5.6549,-9.426,5.8365,-2.3221,-2.316,6.7412,2.5677,-5.4175,1.1964,1.2541,1.316,1.3829,1.4601,1.5518,1.6645,1.7877,1.8741,1.8996,1.8915,1.8695,1.8455,2.8624
94.825,-3.8305,3.1116,-7.5065,-0.53733,-4.1796,-5.9414,2.2424,2.2972,7.1197,1.8731,-5.5699,-1.4459,1.2387,1.3006,1.3603,1.4214,1.4876,1.5655,1.6566,1.7481,1.809,1.8294,1.8253,1.8113,1.7962,2.8624
94.692,-5.1437,0.79473,-8.2686,-2.2157,-2.2471,0.89784,8.8369,0.93131,3.079,5.8117,-4.8657,-13.784,1.1792,1.2357,1.2959,1.3636,1.4403,1.5317,1.6426,1.7595,1.8441,1.8756,1.8722,1.8541,1.8328,2.8624
94.731,-4.9483,0.59629,-6.6236,-5.8897,-2.5327,-1.4585,10.693,-3.5644,0.07215,9.2753,-0.044692,-10.974,1.1928,1.2484,1.3064,1.3705,1.4413,1.5249,1.6235,1.7292,1.8022,1.8325,1.8342,1.8228,1.8072,2.8624
90.89,-5.8808,-0.34103,-5.502,-1.4981,-7.5008,-2.6402,12.838,-2.0125,-3.4423,3.0164,2.5799,-5.4007,1.1988,1.2593,1.3226,1.3901,1.4657,1.5554,1.6637,1.7837,1.8646,1.8894,1.8816,1.861,1.8384,2.7516
92.228,-6.489,-0.78085,-6.2768,0.18563,-1.3925,-3.8033,5.3217,-2.6776,-2.1539,-2.1486,7.2805,-3.2783,1.1867,1.2459,1.3082,1.377,1.4581,1.5557,1.6793,1.8226,1.9154,1.9392,1.9265,1.9,1.8716,2.7516
92.377,-6.8262,3.577,-7.4773,0.732,0.038717,0.26283,3.6897,1.1818,5.2419,-4.0586,-8.3005,-1.7894,1.2158,1.2731,1.3314,1.3937,1.4638,1.5476,1.6547,1.7769,1.8717,1.9042,1.9012,1.8842,1.8639,2.7516
93.242,-5.1059,2.9804,-7.9864,1.4183,-5.3757,-1.3715,11.768,-1.4609,-0.0011669,7.7396,-2.0773,-4.8591,1.225,1.2877,1.3504,1.4127,1.4809,1.5631,1.663,1.7718,1.8498,1.8765,1.8733,1.8582,1.8412,2.7516
93.354,-4.6403,1.0787,-7.6464,-3.7579,-4.9962,-7.8415,13.702,7.6053,0.91606,6.5746,3.4292,-9.3382,1.1786,1.2305,1.2907,1.3593,1.4404,1.5372,1.6544,1.7809,1.8651,1.8936,1.888,1.867,1.842,2.7516
94.388,-3.8065,0.63364,-6.9813,0.28689,-1.5435,-2.6727,8.4034,1.5367,3.2352,0.65651,-5.4827,-3.9551,1.256,1.3217,1.3849,1.4443,1.507,1.5815,1.6753,1.7776,1.8468,1.8667,1.8603,1.8433,1.8261,2.7516
94.289,-5.4732,-0.029275,-11.002,-3.87,0.64473,-0.2459,13.423,0.52174,5.8802,3.2877,-2.8654,-9.7836,1.1983,1.2544,1.3121,1.3776,1.4504,1.537,1.6393,1.7479,1.8266,1.8572,1.8574,1.8442,1.8275,2.7516
92.209,-4.7283,-1.0779,-8.3192,-0.18773,-3.9002,-3.5884,6.4152,-5.546,1.0503,4.0414,-3.3458,-9.1377,1.1881,1.2468,1.3086,1.376,1.4542,1.5511,1.6724,1.8036,1.897,1.928,1.9203,1.8962,1.8689,2.7516
93.16,-5.7444,-2.3994,-6.2555,-0.46836,-1.8116,-6.9588,5.3719,-5.785,-0.87018,2.6682,-0.21527,2.3972,1.2054,1.263,1.3225,1.3868,1.4596,1.549,1.6599,1.7809,1.8648,1.8961,1.892,1.874,1.8526,2.7516
94.723,-4.5419,1.4982,-8.9162,-1.6307,-3.271,-3.6702,4.9286,-1.2245,6.5698,2.7866,1.6992,-6.3587,1.2401,1.3023,1.3606,1.4181,1.4811,1.5569,1.6492,1.7468,1.8134,1.8371,1.8347,1.8222,1.808,2.7516
94.138,-2.9172,0.27203,-8.1401,0.71243,-7.8579,-7.682,11.039,-4.253,1.5875,10.774,-0.083749,-10.73,1.1867,1.2401,1.2997,1.3656,1.4442,1.5407,1.6605,1.7906,1.8798,1.9069,1.8986,1.8755,1.8494,2.7516
93.486,-5.0052,-1.0197,-9.8766,-0.77186,-2.3981,-8.3575,7.9521,0.78395,1.4989,6.4547,0.96177,-6.1635,1.2258,1.2815,1.3399,1.4017,1.4679,1.5447,1.6367,1.7332,1.8047,1.8343,1.8365,1.8262,1.8135,2.7516
95.355,-4.7222,1.9257,-8.914,-1.5894,1.7388,-1.8001,6.4166,-0.35318,2.817,-1.4042,-7.5818,-1.8615,1.2016,1.2577,1.3176,1.3836,1.4573,1.5448,1.6499,1.7597,1.8343,1.8576,1.8524,1.8345,1.8138,2.7516
95.11,-4.9386,-0.0099178,-7.2415,-4.7464,-5.8908,-2.0518,12.527,2.4188,2.8853,7.4845,-3.7228,-6.7065,1.1926,1.251,1.3133,1.3797,1.4553,1.5466,1.6598,1.7884,1.8787,1.9094,1.9036,1.8827,1.8585,2.7516
93.473,-6.7225,-1.3983,-5.8764,0.10593,-6.4266,-7.5105,3.6575,1.1219,1.6801,3.6063,3.4681,-2.3884,1.1866,1.2443,1.3045,1.3711,1.4471,1.5379,1.6484,1.7697,1.8546,1.8858,1.8823,1.8638,1.8409,2.7516
92.231,-4.142,3.0461,-5.4523,-1.6993,-6.9308,-1.5582,12.295,-6.5712,0.38956,6.2131,0.47072,-7.3995,1.2378,1.3018,1.3619,1.4191,1.4814,1.5547,1.6432,1.7382,1.805,1.8315,1.8321,1.8222,1.8114,2.5788
93.726,-5.0362,3.3944,-4.0485,-3.0464,-8.5212,-7.1765,10.246,3.0916,-0.59971,-0.025968,-1.9274,-4.5806,1.1792,1.2349,1.2965,1.3649,1.4448,1.5431,1.6659,1.8062,1.9015,1.931,1.9224,1.8975,1.869,2.5788
92.544,-4.4925,3.6343,-8.3872,-4.7896,-0.73308,-4.6522,10.12,1.2574,-2.9192,-0.94828,-3.4198,-5.4094,1.2371,1.2958,1.3547,1.4169,1.4868,1.569,1.6696,1.7747,1.8493,1.8749,1.8708,1.8557,1.839,2.5788
94.928,-5.7103,2.524,-6.4336,-5.2955,-12.175,-1.9571,19.291,1.3861,-2.0368,0.65151,0.80745,-5.5195,1.2137,1.2737,1.3335,1.3942,1.4604,1.5392,1.6332,1.733,1.8006,1.8242,1.8214,1.8071,1.7896,2.5788
92.8,-6.0212,-1.0588,-7.1328,-4.094,-7.077,-9.9576,11.437,1.9077,0.52612,5.0511,-0.79127,-0.36684,1.1909,1.247,1.3072,1.3707,1.4449,1.5343,1.6421,1.7531,1.8325,1.8652,1.8641,1.8475,1.8266,2.5788
94.286,-3.0562,0.74028,-11.155,-1.0477,-5.7673,-4.3044,6.8413,-4.4157,8.2223,3.2758,-6.0941,-4.0705,1.2072,1.2646,1.3231,1.3888,1.4628,1.5529,1.664,1.7823,1.8625,1.8901,1.885,1.8654,1.8425,2.5788
94.196,-5.0903,1.0265,-5.6987,-1.3068,-4.9416,-4.3201,4.4308,-6.8063,5.416,7.1015,-0.18651,-4.7016,1.2346,1.2905,1.3471,1.4046,1.4692,1.5459,1.6392,1.7382,1.8073,1.8335,1.8342,1.8239,1.8108,2.5788
94.431,-4.8072,-0.99034,-4.1895,2.0314,-6.223,-3.9104,7.0796,-3.8745,3.0947,4.2706,1.9472,-5.1818,1.1836,1.2369,1.2963,1.3636,1.4438,1.5443,1.67,1.8141,1.9113,1.9399,1.9301,1.904,1.8743,2.5788
95.747,-4.9132,-0.10776,-4.2557,-1.4205,-5.137,-5.797,5.073,1.392,5.5198,1.7885,1.576,-4.0033,1.2124,1.2713,1.3313,1.3942,1.4643,1.5497,1.6559,1.7734,1.8519,1.8766,1.8707,1.8522,1.8308,2.5788
94.599,-4.9738,1.8365,-8.9066,-0.014861,-1.1726,-4.9063,9.3707,-1.7496,1.4593,1.1679,-7.7834,-5.1131,1.2358,1.2976,1.3553,1.4123,1.472,1.5421,1.6274,1.7219,1.791,1.8182,1.8188,1.8077,1.7941,2.5788
94.422,-4.4607,1.7025,-7.046,-4.7144,-11.008,-4.6932,9.1592,0.79085,2.4071,4.9564,-1.131,-14.561,1.1858,1.2431,1.3054,1.3734,1.4516,1.5446,1.6562,1.7758,1.8562,1.8844,1.8789,1.8586,1.8352,2.5788
94.246,-4.5129,0.15366,-8.8914,-2.1052,-6.2864,-9.3775,6.3565,-0.43004,4.7383,7.0146,4.2063,-7.047,1.1958,1.2566,1.3187,1.3843,1.4583,1.5472,1.6582,1.7844,1.8751,1.9067,1.9019,1.8822,1.8595,2.5788
93.854,-4.2789,1.4693,-7.6435,-1.7095,-1.6872,-5.9149,3.8591,-2.7683,3.2845,1.2137,-6.0516,-2.211,1.2233,1.2856,1.347,1.4118,1.4806,1.5593,1.6541,1.7531,1.8196,1.842,1.8393,1.8258,1.81,2.5788
95.647,-4.5257,0.18674,-6.4261,-1.1233,-6.1844,-7.8394,8.2237,0.33499,4.6484,3.9168,-7.2743,-11.915,1.1816,1.2373,1.2965,1.3635,1.4415,1.5358,1.6533,1.7868,1.8745,1.9018,1.8934,1.8707,1.8446,2.5788
94.667,-4.618,-0.74163,-7.3253,-3.641,-8.6392,-3.7424,8.1339,-4.2112,2.3963,6.5477,6.0623,-6.2334,1.2323,1.2952,1.3558,1.4163,1.483,1.5651,1.6662,1.776,1.8518,1.8763,1.8697,1.8505,1.8303,2.5788
94.57,-5.3561,2.0336,-7.8405,-0.26985,-4.6652,-7.5195,8.0699,-0.046948,3.1451,6.7396,-4.7646,-10.692,1.2282,1.2892,1.3512,1.4144,1.4838,1.5664,1.6678,1.7793,1.8537,1.8777,1.8727,1.8558,1.8373,2.6357
95.292,-3.509,1.3331,-6.4199,-2.372,-7.335,-8.526,8.1111,-3.201,3.7002,9.3155,3.0828,-8.1824,1.2019,1.2573,1.3166,1.3787,1.4512,1.5398,1.6504,1.7722,1.8561,1.8871,1.8845,1.8673,1.8461,2.6357
93.778,-4.8737,0.99633,-7.0907,-4.4409,-5.8191,-5.9075,6.3681,1.2247,2.9669,2.0882,-3.6766,-0.53403,1.205,1.2627,1.3229,1.3879,1.4604,1.5466,1.6538,1.7667,1.8467,1.8753,1.8716,1.8539,1.8325,2.6357
92.847,-5.079,2.4102,-5.8162,-2.6219,-4.8717,-5.8948,9.1713,0.71059,-1.0477,8.5828,-5.2895,-5.3992,1.2305,1.2907,1.352,1.4128,1.4788,1.5562,1.6537,1.7596,1.831,1.8559,1.8537,1.8403,1.8245,2.6357
91.539,-4.9379,2.6867,-6.4038,-3.4065,-11.032,-8.6301,9.2989,-3.2049,2.4169,7.1206,-0.092925,-4.3593,1.1866,1.2429,1.3048,1.3735,1.4548,1.5545,1.6796,1.8202,1.9097,1.9365,1.9258,1.9009,1.8727,2.6357
93.911,-4.9603,4.805,-7.2975,-1.321,-4.539,-11.001,8.9582,-2.2082,1.8987,7.8799,1.3178,0.13964,1.1939,1.2522,1.3107,1.3739,1.4471,1.5346,1.6436,1.7673,1.8576,1.8918,1.8908,1.8737,1.8535,2.6357
94.044,-3.7438,2.8036,-7.4819,-1.6809,-4.2615,-6.2134,10.04,-4.8097,-1.1685,6.8824,-1.5701,-3.4697,1.2259,1.2918,1.3539,1.4151,1.4817,1.5601,1.6546,1.7551,1.827,1.8543,1.8519,1.8377,1.8213,2.6357
94.752,-4.1923,-0.56335,-8.2129,0.31435,-6.9615,-6.5008,10.035,-4.2661,5.7327,5.2101,-3.9991,-5.2534,1.1973,1.2517,1.3114,1.3744,1.4474,1.535,1.6386,1.7484,1.8248,1.8548,1.853,1.8366,1.8164,2.6357
95.423,-2.4322,1.4248,-7.5234,-1.5976,-3.8784,-11.467,7.6404,-2.7841,2.8584,6.8088,3.5061,-6.349,1.2121,1.2698,1.3296,1.3926,1.4621,1.5446,1.6407,1.7404,1.8123,1.8398,1.8393,1.8261,1.811,2.6357
94.089,-3.6734,0.758,-9.4771,-2.9113,-3.9431,-5.2661,6.6037,0.80431,-0.59725,2.4321,-5.5957,-4.5187,1.2223,1.2865,1.3503,1.4173,1.4884,1.5717,1.673,1.7777,1.8487,1.8697,1.8608,1.8408,1.8189,2.6357
94.408,-4.6883,-0.65801,-7.149,-0.19001,-7.7548,-8.2851,3.7887,-1.0033,-2.2146,9.0291,-4.6335,-13.831,1.1939,1.2513,1.3128,1.3806,1.4597,1.5556,1.6711,1.7976,1.885,1.9128,1.9057,1.8834,1.8581,2.6357
92.766,-4.1354,1.2235,-9.6578,-2.8356,-8.0224,-12.85,8.4913,0.74341,-0.076741,3.6704,7.1463,1.3816,1.2024,1.2633,1.3281,1.3971,1.4748,1.566,1.6795,1.8093,1.9021,1.9277,1.9171,1.8924,1.8658,2.6357
92.234,-5.567,4.6275,-4.6026,-1.2129,-2.4864,-1.2338,9.1079,-1.417,-4.653,-0.41146,2.5023,3.7476,1.2235,1.2872,1.3497,1.4141,1.4854,1.5697,1.6753,1.7969,1.8772,1.9015,1.893,1.8723,1.8501,2.6357
94.053,-3.5704,-0.017986,-4.6626,2.1944,-6.243,-4.8083,6.6167,0.035782,-2.106,1.936,-2.4534,-3.8308,1.1744,1.23,1.2903,1.3602,1.4433,1.5439,1.6683,1.8041,1.8918,1.9196,1.9117,1.8878,1.86,2.6357
93.341,-5.152,1.778,-4.5094,-3.062,-6.5426,-10.815,6.5312,0.02083,1.3946,5.1923,0.23801,-9.0759,1.1875,1.2437,1.302,1.3656,1.4363,1.5205,1.621,1.7272,1.8058,1.8392,1.8418,1.8297,1.814,2.6357
96.051,-4.712,-1.0194,-7.601,-1.9994,-2.5516,-9.927,3.916,-0.85803,-2.3585,3.3589,-1.9678,-7.421,1.2047,1.2619,1.3208,1.382,1.4509,1.534,1.6352,1.7457,1.8254,1.8558,1.8546,1.8395,1.82,2.6642
92.902,-4.9076,1.3329,-7.1885,-2.4939,-6.0888,-8.3367,3.7857,-6.2957,-1.3859,6.2823,2.9237,-1.8814,1.1745,1.2312,1.2927,1.3608,1.4413,1.5392,1.6555,1.7797,1.8661,1.8966,1.8922,1.8716,1.8466,2.6642
94.892,-5.3967,1.5608,-8.0851,-2.7019,-1.8349,-3.0419,5.1299,1.742,-1.6254,3.3858,-4.2912,-2.1329,1.2234,1.2858,1.347,1.4099,1.4796,1.5621,1.6651,1.7759,1.8539,1.88,1.8756,1.8592,1.8402,2.6642
95.845,-4.1523,0.91049,-6.8744,-0.60537,-6.5655,-4.4056,5.0426,-3.4675,3.2493,9.264,-2.2027,-2.881,1.2272,1.2915,1.3533,1.4162,1.485,1.5672,1.6662,1.7662,1.8367,1.8597,1.8547,1.8397,1.8225,2.6642
93.907,-5.4778,2.7343,-6.9492,-1.5444,-4.7801,-9.6689,8.3572,-1.7394,-1.8143,7.7235,-1.6573,-7.71,1.181,1.2369,1.2974,1.3663,1.4458,1.5401,1.657,1.7942,1.8917,1.9243,1.918,1.8948,1.8679,2.6642
96.03,-5.0376,4.3275,-9.0487,-3.1682,0.34835,-8.788,10.476,-6.1684,-5.9285,7.2386,0.023522,2.7727,1.1921,1.2423,1.2953,1.3513,1.4121,1.4831,1.5654,1.6523,1.7217,1.7598,1.7758,1.7797,1.7794,2.6642
95.241,-3.2387,-1.2814,-7.8782,-0.63941,-6.8964,-4.5611,4.212,-2.4984,5.1855,-1.0631,-1.1306,-3.5217,1.2077,1.2678,1.328,1.3916,1.4617,1.5448,1.6463,1.7579,1.8348,1.8606,1.8557,1.8382,1.8185,2.6642
91.948,-4.6648,-1.8438,-6.6352,1.6311,-6.8868,-8.6868,4.9128,-5.0824,-0.56758,9.5645,-4.1136,-5.6712,1.1932,1.2484,1.3095,1.3775,1.4557,1.5511,1.6692,1.7978,1.8883,1.9159,1.9075,1.8845,1.8582,2.6642
93.874,-5.0192,0.97473,-8.3788,-0.32677,-4.8896,-5.6077,2.0567,-7.3023,-7.6831,4.8021,5.9455,3.6425,1.1932,1.2525,1.3151,1.3824,1.4599,1.5544,1.6711,1.7996,1.8872,1.9148,1.9059,1.8829,1.8575,2.6642
96.607,-5.882,0.42951,-9.2912,-0.21101,-2.8845,-1.1449,1.0189,-1.044,0.77426,5.4762,-4.9311,-6.4588,1.2202,1.2775,1.3365,1.3996,1.4665,1.5461,1.6436,1.7482,1.8174,1.8425,1.8401,1.8259,1.8083,2.6642
94.367,-5.105,0.69542,-4.9342,0.069398,-5.4918,-5.4377,3.346,-1.4797,-0.6501,4.1581,1.6267,-9.9302,1.1902,1.2458,1.3055,1.3746,1.4553,1.5539,1.68,1.8228,1.9201,1.9487,1.9383,1.9116,1.8812,2.6642
94.157,-3.5674,0.91558,-5.3923,-2.1695,-7.9277,-6.3543,2.1564,-2.9468,-4.2707,5.0434,1.5298,-1.4186,1.2215,1.2836,1.3467,1.4121,1.4831,1.5667,1.666,1.7704,1.8415,1.8657,1.8616,1.8464,1.829,2.6642
94.454,-4.5667,2.8523,-5.3753,-1.6048,-7.5515,-0.56443,6.1944,-3.4779,1.5291,2.2448,-1.0711,-1.3944,1.2153,1.2761,1.3344,1.3959,1.4609,1.5372,1.6284,1.7279,1.7972,1.8222,1.8204,1.806,1.7886,2.6642
95.827,-3.4016,0.52008,-9.8536,-4.2185,-6.2049,-4.3161,5.311,2.2595,0.89985,6.3867,-4.307,-7.4732,1.1889,1.2445,1.3055,1.3743,1.4544,1.5526,1.6723,1.8008,1.8901,1.9194,1.9124,1.8896,1.8625,2.6642
92.44,-5.5149,1.9251,-6.8342,-4.3591,-8.6888,-4.3828,7.165,-2.539,-4.1586,1.8335,-1.5161,-3.811,1.1999,1.2592,1.3205,1.3874,1.4633,1.5552,1.6717,1.8028,1.8947,1.9231,1.9143,1.8908,1.8643,2.6642
94.303,-4.6514,1.7983,-4.4379,-2.7241,-5.0928,-8.144,3.918,-1.4571,3.3246,5.2137,2.8837,-9.8243,1.2333,1.2997,1.3657,1.4318,1.5039,1.5867,1.6894,1.7988,1.8698,1.8885,1.8782,1.8583,1.8384,2.8117
95.031,-4.5563,-0.85441,-6.5547,-1.7513,-6.4896,-8.0747,6.659,-0.92173,0.056797,5.2566,0.98123,-4.3035,1.1755,1.2296,1.291,1.3611,1.4419,1.5407,1.663,1.799,1.8968,1.9276,1.9205,1.8969,1.8692,2.8117
93.68,-3.9813,2.4062,-7.3023,-3.9952,-4.1292,-5.0854,9.0391,1.1296,0.26817,4.1745,-3.2453,-5.9902,1.2075,1.267,1.3293,1.3929,1.4654,1.5518,1.6573,1.7732,1.8534,1.8802,1.8747,1.8558,1.8346,2.8117
94.304,-4.8958,1.5097,-6.0975,-2.2446,-5.7259,-8.8901,12.446,2.358,5.284,-0.72971,-8.8922,-4.8542,1.2183,1.2759,1.3338,1.3936,1.4611,1.5419,1.6416,1.7467,1.8214,1.8488,1.8471,1.8328,1.8158,2.8117
93.995,-5.3334,0.65489,-6.0209,-2.0334,-6.1063,-7.3576,9.9235,-1.8613,1.3129,1.2093,-4.748,-5.9612,1.1889,1.2442,1.3056,1.3731,1.4518,1.5467,1.6634,1.7924,1.8785,1.9034,1.8944,1.8723,1.8472,2.8117
95.508,-4.5362,3.0633,-8.2267,-6.5964,-6.7086,-6.0037,7.1624,-4.9509,2.1263,2.8788,-0.75736,-4.7814,1.1894,1.2428,1.301,1.3672,1.4406,1.5276,1.6289,1.7317,1.8076,1.8422,1.8449,1.8329,1.8171,2.8117
94.032,-4.2002,2.8325,-8.2818,-2.8004,-2.7949,-10.113,7.7056,-1.9777,5.5476,0.58221,-0.70847,-10.257,1.2348,1.2958,1.3561,1.4158,1.4807,1.5568,1.646,1.737,1.8019,1.8277,1.828,1.8191,1.8087,2.8117
94.245,-4.8196,-1.1268,-7.0719,0.84349,-4.9784,-6.9326,7.2216,-1.8831,2.3038,6.218,3.7694,-6.1916,1.1794,1.233,1.2949,1.3642,1.4461,1.5454,1.6674,1.8054,1.9012,1.9306,1.9219,1.8973,1.8685,2.8117
94.604,-4.2892,1.287,-5.99,-1.166,-3.7567,-4.6917,0.48357,-10.026,0.24887,13.901,5.178,-1.8847,1.2224,1.2846,1.344,1.4065,1.4749,1.5566,1.6559,1.7616,1.8346,1.8612,1.8587,1.8436,1.8263,2.8117
94.199,-4.6428,1.8284,-7.7899,-3.1694,-2.4131,-4.8411,8.6474,1.4231,1.0473,6.3129,-5.4238,-4.5338,1.2333,1.2932,1.352,1.412,1.4783,1.5562,1.6486,1.7425,1.8092,1.8371,1.8381,1.8264,1.812,2.8117
93.958,-5.7966,1.4978,-9.0855,-1.6527,-9.3227,-9.3326,10.48,3.0084,5.9843,10.905,-6.1702,-6.1223,1.1943,1.2524,1.313,1.3809,1.4597,1.5547,1.668,1.7861,1.8697,1.9005,1.8962,1.8759,1.8517,2.8117
92.679,-3.1575,2.9945,-9.3412,-8.9839,-5.7959,-7.956,8.5298,-4.3771,-5.7818,13.733,7.7302,-6.8648,1.2224,1.283,1.3439,1.4063,1.4757,1.556,1.6528,1.7519,1.8218,1.8488,1.8479,1.8347,1.8185,2.8117
94.781,-3.1528,0.28756,-10.846,-3.1302,-5.0325,-4.941,6.9155,-1.4065,0.22168,5.433,-0.63841,-0.45408,1.2356,1.2989,1.3613,1.4252,1.4933,1.5699,1.6577,1.7459,1.8077,1.8311,1.8285,1.8155,1.8008,2.8117
94.213,-4.2064,1.544,-9.7198,-2.0588,-5.788,-7.216,6.1202,-0.015723,3.9712,6.7441,-3.8395,-10.259,1.1851,1.2418,1.3031,1.3726,1.4532,1.552,1.6792,1.822,1.9209,1.9498,1.9399,1.9142,1.8847,2.8117
91.238,-5.1955,2.3398,-6.2565,-2.0624,-8.3563,-6.4193,5.085,-4.9454,2.4048,6.7948,2.4209,-8.807,1.223,1.2786,1.3376,1.3997,1.4682,1.5509,1.655,1.7681,1.8446,1.8727,1.8684,1.8514,1.8319,2.8117
94.678,-3.9126,0.50038,-9.3824,0.075218,-6.8939,-8.5434,10.537,-0.23795,0.81046,6.9251,-4.7615,-2.4943,1.2178,1.2784,1.3408,1.4033,1.472,1.5512,1.6477,1.7483,1.8169,1.8406,1.8373,1.8227,1.806,2.8785
94.392,-3.5761,-0.31505,-6.9793,-1.7966,-7.9167,-6.472,4.1239,1.1146,4.091,6.6928,1.3922,-5.8889,1.1855,1.2439,1.307,1.3752,1.4547,1.5524,1.6751,1.8142,1.9048,1.9329,1.9227,1.8975,1.8688,2.8785
95.497,-4.2701,-0.15388,-11.07,-4.1143,-5.3128,-1.1711,5.3553,-0.2967,3.9398,5.9,-5.4304,-10.631,1.2058,1.264,1.3259,1.3914,1.4667,1.5548,1.6609,1.7716,1.8527,1.8814,1.8768,1.8587,1.8374,2.8785
95.59,-4.441,-0.03128,-10.862,-0.98312,-4.1417,-7.9379,4.9422,2.5954,4.5305,7.7565,-3.7479,-9.0467,1.2191,1.2799,1.3402,1.3997,1.4659,1.5429,1.6312,1.7159,1.7789,1.8057,1.8064,1.7956,1.7822,2.8785
92.291,-5.7944,1.0326,-8.3079,-0.80308,-6.8049,-8.6227,4.1822,-0.06897,0.085266,9.0166,1.2663,-9.3342,1.1706,1.228,1.2915,1.3635,1.4481,1.5509,1.6832,1.838,1.9419,1.97,1.957,1.9274,1.8945,2.8785
94.222,-4.339,1.1814,-8.1991,-2.1349,-7.7457,-7.2679,9.2478,-1.9672,4.2925,-0.069382,1.18,4.272,1.221,1.2809,1.3423,1.4062,1.4759,1.56,1.6621,1.7726,1.8523,1.8783,1.8732,1.8563,1.8375,2.8785
93.581,-4.8347,2.5746,-5.3058,0.48433,-3.9377,-4.5553,5.7563,0.36987,-2.3734,-1.3961,-3.6279,-2.8048,1.2386,1.3065,1.3685,1.4312,1.4995,1.581,1.681,1.794,1.8765,1.9019,1.8948,1.8755,1.8551,2.8785
93.219,-4.6885,0.89763,-5.5486,-1.0088,-4.7496,-9.4113,5.367,4.6822,1.6893,5.0994,-5.9204,-8.9914,1.1931,1.2503,1.3108,1.3772,1.4539,1.5475,1.6659,1.8023,1.8991,1.93,1.9222,1.8986,1.8715,2.8785
95.148,-4.3582,1.9553,-7.1503,-5.5099,-6.7229,-2.6496,7.5174,-3.7775,4.989,6.5933,4.5524,-4.179,1.2114,1.2719,1.3347,1.3992,1.4709,1.5551,1.6555,1.7616,1.8371,1.8654,1.8635,1.8477,1.8292,2.8785
95.255,-4.5526,-1.5672,-9.051,-4.165,-4.0256,-1.4575,7.6188,4.4863,1.2786,0.34624,-1.4642,-14.243,1.2354,1.2952,1.3518,1.4071,1.4675,1.5374,1.6195,1.6999,1.756,1.7779,1.7776,1.7676,1.7546,2.8785
94.553,-4.299,-3.7683,-9.2527,-0.69865,-4.8198,-6.7754,6.3459,0.22882,6.9428,5.0189,-3.3948,-4.7331,1.1729,1.229,1.2903,1.3611,1.4441,1.5445,1.6697,1.8075,1.8995,1.9282,1.9186,1.8948,1.8669,2.8785
93.208,-5.0464,1.4526,-9.3502,-5.2406,-10.41,-13.973,9.859,2.0501,3.9467,5.3678,0.40949,-2.2502,1.2107,1.2689,1.3304,1.394,1.4666,1.5491,1.6497,1.7568,1.8321,1.8597,1.8573,1.8425,1.8251,2.8785
95.628,-4.8854,1.9994,-9.1367,-3.4931,-7.1707,-1.5233,9.1465,-1.583,-3.3833,5.1104,2.8071,-2.2441,1.2232,1.2832,1.3433,1.4062,1.4763,1.5613,1.6655,1.7785,1.8524,1.8763,1.8703,1.8523,1.8322,2.8785
93.213,-4.0531,-0.021583,-9.9586,-0.25831,-4.514,-3.1699,10.136,1.4234,2.1504,5.3401,-2.7177,-9.4286,1.1858,1.2416,1.303,1.3713,1.4506,1.5466,1.6672,1.8073,1.9072,1.9386,1.9307,1.9069,1.8791,2.8785
92.774,-6.2279,-0.16692,-8.3643,-0.19499,-5.3588,-9.0144,10.178,1.3683,3.4306,3.2553,-4.6536,-6.6178,1.2177,1.2773,1.3374,1.3997,1.4674,1.5471,1.645,1.7529,1.8349,1.8662,1.866,1.8525,1.8359,2.8785
92.879,-3.4221,-0.70436,-9.8059,-0.69286,-5.7494,-6.1925,6.7291,-1.0022,-1.4594,0.19844,0.7844,-6.9945,1.2097,1.2675,1.33,1.3947,1.4701,1.5597,1.6695,1.7849,1.8647,1.8927,1.8871,1.868,1.8459,2.8372
92.116,-5.1107,-2.0566,-8.1553,-2.2132,-6.346,-5.7918,-2.5548,-4.2722,-3.725,3.881,2.8406,-4.742,1.1909,1.2488,1.3118,1.3832,1.4656,1.5681,1.7006,1.8586,1.9616,1.9843,1.966,1.9333,1.8991,2.8372
95.446,-4.9554,-0.29997,-9.6349,-3.0137,0.19523,-2.3497,6.0039,-1.716,7.1741,4.8896,-6.1537,-11.176,1.2049,1.2629,1.3244,1.3908,1.4663,1.5597,1.679,1.8105,1.8978,1.9228,1.913,1.8896,1.863,2.8372
95.172,-4.3385,-0.55365,-9.0034,0.69222,-4.6284,-6.6933,10.141,2.0541,9.1459,2.3914,-7.0176,-10.053,1.2175,1.2734,1.329,1.3872,1.4508,1.5242,1.6077,1.6906,1.7497,1.7747,1.7781,1.7714,1.7612,2.8372
92.596,-3.6928,0.16897,-9.195,0.54399,-2.3364,-9.539,8.3324,-0.20273,3.6107,6.3763,-2.1309,-11.835,1.1778,1.2321,1.2943,1.3649,1.4479,1.5479,1.6719,1.813,1.9191,1.9516,1.9432,1.9173,1.8869,2.8372
94.017,-4.6965,0.1969,-7.383,2.0283,-1.7838,-5.9924,5.4113,-2.2757,2.74,2.075,-3.3602,-4.8446,1.2107,1.2707,1.3339,1.4007,1.4748,1.563,1.6723,1.7956,1.8844,1.9105,1.9024,1.8816,1.8585,2.8372
93.368,-4.8999,1.0605,-9.2679,-2.5881,-1.4589,-3.3353,13.322,0.45954,7.834,0.61014,-12.682,-10.557,1.1969,1.253,1.3097,1.3722,1.4429,1.528,1.6316,1.7424,1.8246,1.8594,1.8616,1.8486,1.8309,2.8372
92.327,-6.0406,-0.62581,-8.0199,-3.5473,-0.016501,-0.66312,5.0514,-3.6665,6.8033,6.2838,-0.10845,-6.6447,1.1765,1.2328,1.2952,1.365,1.4475,1.5508,1.682,1.8317,1.9331,1.9591,1.9454,1.9157,1.8836,2.8372
93.671,-5.2526,-1.4009,-9,-0.85372,-3.3819,-2.409,3.1348,-2.7714,3.8382,1.5271,0.18269,-3.6783,1.2107,1.272,1.3336,1.3987,1.4716,1.5597,1.671,1.7937,1.8725,1.8975,1.891,1.8713,1.8485,2.8372
94.322,-6.437,0.25569,-8.6581,-1.3739,0.66522,-1.326,7.921,-1.5818,-0.90039,-1.8872,-3.1702,-6.7036,1.2295,1.295,1.3583,1.4221,1.4886,1.5663,1.6583,1.7555,1.8167,1.8353,1.8308,1.818,1.8047,2.8372
93.114,-6.464,0.78448,-7.076,-2.0943,-1.4679,-3.2046,7.695,0.63542,4.1296,5.2025,-3.7266,-10.199,1.1902,1.2465,1.3067,1.3728,1.4498,1.5436,1.6596,1.7902,1.8801,1.9113,1.9062,1.8856,1.8611,2.8372
93.825,-6.3432,1.5493,-7.4557,-3.8286,-0.9048,-0.14334,6.0868,-4.0551,-1.6565,4.1895,-1.2963,-9.1256,1.2311,1.2931,1.3549,1.4161,1.4826,1.5603,1.6546,1.7531,1.8256,1.8558,1.8579,1.8479,1.8363,2.8372
93.973,-4.8117,2.0931,-8.803,-2.4685,0.78521,-4.7622,12.049,-1.0149,-1.7226,5.8764,-3.6496,-6.7112,1.2004,1.2527,1.31,1.3725,1.4427,1.5249,1.6209,1.7183,1.7891,1.8186,1.8209,1.8101,1.7955,2.8372
93.509,-5.77,-0.86508,-9.1325,-1.1624,-2.0233,-5.7232,12.459,8.4472,2.8717,-2.3197,-7.655,-11.572,1.186,1.2406,1.3015,1.3677,1.4453,1.5394,1.6569,1.7882,1.8841,1.9176,1.9125,1.8917,1.8666,2.8372
91.686,-8.3378,-0.11733,-7.9013,-2.3813,-3.9435,-5.0283,8.3435,3.368,0.70621,-3.2342,-4.5307,-4.2975,1.201,1.26,1.3224,1.39,1.4675,1.5608,1.679,1.8136,1.9038,1.9321,1.9247,1.9023,1.8768,2.8372
92.794,-4.3499,0.49448,-7.3894,-0.74116,-4.875,-7.6161,7.6741,2.5368,4.5205,10.709,-9.6513,-7.7691,1.2204,1.2809,1.3405,1.4042,1.4768,1.5625,1.6696,1.7813,1.8535,1.8754,1.8677,1.85,1.8303,2.7597
92.425,-5.8089,0.85336,-9.5976,-6.5142,-4.1847,1.2863,4.9943,-1.157,2.8021,10.776,0.95524,-8.1488,1.1824,1.2376,1.3004,1.3702,1.4527,1.5535,1.6816,1.8354,1.9384,1.9645,1.9507,1.9216,1.8894,2.7597
94.367,-4.1377,-0.77646,-7.5711,-0.82912,-2.1625,-1.4388,6.5325,-2.4996,4.0731,1.3414,-1.7608,-7.4301,1.2277,1.2888,1.348,1.4086,1.4757,1.5572,1.6584,1.7637,1.8403,1.8693,1.867,1.8522,1.8348,2.7597
95.399,-4.6844,1.1547,-7.4671,-1.8235,-4.6556,-7.7798,8.1495,0.65003,1.5135,5.0124,-7.3267,-13.928,1.2178,1.2822,1.3466,1.4107,1.4784,1.5569,1.6505,1.7452,1.8098,1.8334,1.8315,1.819,1.8045,2.7597
93.147,-4.7239,1.1769,-8.2662,-3.7472,-3.4178,-6.2242,6.6704,3.0859,0.69671,5.298,2.3211,-8.992,1.1825,1.2397,1.3002,1.3686,1.4491,1.5478,1.6701,1.7992,1.89,1.9193,1.912,1.8893,1.8625,2.7597
94.213,-3.9368,1.0689,-10.806,-4.5993,-4.6461,-3.8634,7.8192,-2.7012,4.5136,8.2869,-1.5074,-11.503,1.1935,1.2505,1.3105,1.3776,1.4538,1.5439,1.6532,1.7717,1.8528,1.8801,1.8756,1.8578,1.8365,2.7597
94.074,-3.2987,1.2172,-8.8271,-6.5869,-2.2763,-3.7686,11.779,-2.6454,-4.2722,5.9051,-2.5718,-8.287,1.2465,1.3091,1.3662,1.4208,1.4787,1.5508,1.6392,1.7306,1.7935,1.8159,1.8144,1.803,1.7903,2.7597
91.899,-5.4578,0.53656,-4.3701,-4.6551,-4.7989,-5.6597,8.748,0.62132,1.5352,7.4032,-4.1956,-7.2849,1.1938,1.2497,1.3098,1.3779,1.4566,1.5536,1.6753,1.8123,1.9079,1.9367,1.9279,1.9039,1.8765,2.7597
94.351,-5.5205,-0.03266,-9.5886,0.3236,-2.095,-7.2958,4.9309,-0.84238,-4.184,2.94,3.1282,-0.90373,1.211,1.2719,1.3315,1.3945,1.4652,1.5497,1.6509,1.7605,1.8384,1.8699,1.871,1.8572,1.8404,2.7597
95.159,-4.9546,0.077188,-11.28,-0.19453,-3.0778,-3.4863,7.8281,1.8693,-1.3463,1.4257,-2.7705,-7.8924,1.2088,1.2673,1.3292,1.3947,1.4675,1.5551,1.6593,1.7732,1.8529,1.88,1.8753,1.8564,1.8343,2.7597
93.133,-4.8046,0.67827,-10.468,0.67085,-6.6315,-8.2542,9.6974,-2.2964,3.3056,6.5814,-3.1259,-11.883,1.194,1.2518,1.3127,1.3796,1.4543,1.5453,1.6572,1.7804,1.871,1.9014,1.8968,1.8776,1.855,2.7597
92.263,-5.1816,0.54543,-10.882,-2.0632,-7.4447,-7.3461,8.5608,2.4108,7.2818,8.7028,-7.2323,-6.7272,1.1935,1.2521,1.3151,1.3847,1.4648,1.5646,1.6891,1.8214,1.9085,1.9338,1.9235,1.8984,1.8702,2.7597
95.29,-4.1008,-1.3146,-9.2447,-2.4244,-4.1622,-4.2394,5.0358,-0.92819,-2.6148,6.8908,-4.709,-4.3892,1.2376,1.3004,1.3587,1.4165,1.4785,1.5531,1.6429,1.7387,1.7996,1.8201,1.8169,1.8043,1.7898,2.7597
94.246,-4.1807,-1.0497,-10.038,0.68463,-5.792,-7.7511,6.618,1.0278,0.057004,-2.0028,-3.4458,-7.8475,1.1757,1.2322,1.295,1.3652,1.449,1.5511,1.6813,1.8297,1.9298,1.9586,1.947,1.9192,1.8878,2.7597
92.275,-5.5736,-1.0569,-7.9636,-1.8223,-7.9657,-9.7883,5.3139,1.6923,3.649,1.8478,4.4811,-3.6392,1.2194,1.2791,1.3397,1.401,1.4697,1.5535,1.6543,1.7596,1.8355,1.8643,1.8616,1.8455,1.8275,2.7597
92.695,-6.0191,2.7988,-6.5968,-2.8369,-8.8037,-7.3292,9.3222,1.2741,2.7266,1.2816,-6.2808,-4.8706,1.2136,1.276,1.3376,1.3993,1.4683,1.5505,1.6532,1.7672,1.8571,1.8923,1.8911,1.8747,1.855,2.8262
93.561,-5.0041,0.10929,-8.4354,-3.1112,-7.3928,-10.45,5.7925,0.051133,5.4954,7.2701,-3.0544,-7.0674,1.2052,1.2656,1.3279,1.3951,1.471,1.5611,1.6707,1.7904,1.8728,1.8985,1.892,1.8715,1.8482,2.8262
95.697,-3.8534,0.82846,-12.703,-1.8629,-0.67784,-4.6886,7.5609,-0.42323,-2.4734,2.6971,-5.6468,-11.526,1.1835,1.2396,1.3007,1.3697,1.4495,1.5446,1.6616,1.791,1.8809,1.9124,1.9073,1.8861,1.8605,2.8262
94.915,-4.8207,-0.2976,-9.3816,-4.4298,-5.2174,-3.782,9.8272,1.9033,0.27381,4.0367,-4.2773,-11.189,1.2479,1.3107,1.3676,1.4236,1.4817,1.5473,1.6239,1.6955,1.7406,1.7576,1.7567,1.7479,1.7387,2.8262
93.42,-5.5783,-0.71888,-8.2951,-0.36128,-5.9702,-7.1838,1.4883,-2.2136,2.8153,10.651,-1.3115,-3.7916,1.1752,1.2302,1.2927,1.3635,1.4472,1.5511,1.6791,1.8159,1.9116,1.9427,1.9328,1.9061,1.8756,2.8262
93.962,-3.7997,1.7344,-8.1391,-6.0306,-4.9173,-2.3106,6.2103,-5.3992,-4.5581,1.9078,0.78881,-8.0229,1.2138,1.2717,1.3294,1.3919,1.4622,1.5471,1.6505,1.7627,1.8408,1.8689,1.8666,1.8508,1.8312,2.8262
94.814,-4.2247,2.4139,-8.1346,-0.98146,-4.907,-3.5226,8.2702,-2.0071,-1.1455,1.6404,-5.7876,-4.8002,1.216,1.2765,1.3388,1.4033,1.4766,1.562,1.6669,1.7799,1.8578,1.8855,1.8816,1.8643,1.8442,2.8262
93.049,-4.8338,1.6535,-6.7478,-1.7507,-9.8018,-6.8564,13.715,1.1548,-0.72143,-0.13153,1.2707,-1.4871,1.1909,1.2488,1.3101,1.3777,1.4557,1.5509,1.6723,1.8093,1.9018,1.9306,1.9221,1.8979,1.8706,2.8262
93.298,-4.0598,2.7724,-8.448,-2.2604,-5.7401,-11.548,9.0864,-4.8492,1.7939,4.3231,-1.1662,-4.5201,1.1816,1.2376,1.2974,1.3626,1.4393,1.5306,1.6419,1.7631,1.8542,1.8905,1.892,1.8772,1.8573,2.8262
92.973,-4.3254,4.567,-11.565,-4.8261,-6.1569,-6.3179,13.448,-0.65525,-5.3101,0.20965,-1.8566,-4.0883,1.2312,1.2911,1.3499,1.4103,1.4762,1.5544,1.6495,1.751,1.827,1.8551,1.8528,1.8385,1.821,2.8262
92.969,-4.7439,1.0706,-6.8875,-3.2137,-5.1491,-1.8389,9.1753,-5.9702,-0.80342,2.4093,-5.395,-7.8142,1.1807,1.2332,1.293,1.3617,1.4429,1.5425,1.6667,1.8044,1.8959,1.9234,1.9133,1.8875,1.8582,2.8262
94.17,-3.8307,0.51672,-7.7387,-8.2817,-6.356,-3.8362,3.7782,-1.3809,3.261,12.511,-1.8536,-7.2297,1.2081,1.2678,1.3282,1.391,1.4574,1.5355,1.6298,1.728,1.8006,1.8288,1.8286,1.8163,1.8018,2.8262
95.008,-4.947,0.35403,-6.118,-3.0874,0.057339,-6.3267,7.0652,-1.4374,-0.89061,3.2604,-6.0977,-3.0762,1.2197,1.2809,1.342,1.4042,1.4684,1.5435,1.6304,1.718,1.7771,1.801,1.8032,1.7957,1.7854,2.8262
94.993,-4.6267,0.0028422,-8.0492,-3.8786,-1.8277,-5.7887,5.9814,-0.5058,-2.6852,6.8028,-5.6694,-12.521,1.1937,1.2509,1.3118,1.3809,1.4608,1.559,1.6813,1.8232,1.9215,1.9495,1.9382,1.9115,1.8817,2.8262
93.473,-4.0256,0.43021,-5.4576,-5.8545,-8.1852,-3.7837,3.7337,-3.7259,1.603,8.7528,-3.2966,-6.9393,1.2116,1.2693,1.3298,1.3947,1.4673,1.5547,1.6646,1.7881,1.8729,1.8998,1.8926,1.8724,1.8503,2.8262
93.295,-6.2176,-0.517,-7.2275,-4.1151,-1.9066,-2.5241,8.4852,-4.3056,3.1795,4.6812,-5.3054,-10.117,1.2171,1.2749,1.3325,1.3944,1.4628,1.5423,1.6371,1.7358,1.8034,1.8281,1.8262,1.8138,1.7989,2.6665
92.583,-5.4715,1.4976,-9.7742,-1.8722,-4.7901,-6.5183,1.6695,-9.0514,-5.1552,9.2741,0.71026,-5.084,1.1792,1.2345,1.2943,1.364,1.4454,1.545,1.6675,1.8027,1.8962,1.9254,1.9178,1.8947,1.8681,2.6665
94.317,-4.7429,1.3698,-7.0737,1.4862,0.26729,-7.1417,3.2979,-4.9711,1.0164,2.6832,-0.98193,-4.79,1.2193,1.2793,1.3389,1.4005,1.4703,1.5555,1.6612,1.7796,1.8658,1.8957,1.8919,1.8744,1.8542,2.6665
94.933,-5.1836,1.3314,-8.3779,-0.65155,-2.9391,-7.5951,6.0823,-5.9255,5.4349,13.139,-6.3282,-9.9116,1.2106,1.2692,1.3279,1.3875,1.4521,1.5294,1.6238,1.7263,1.8012,1.833,1.8369,1.8284,1.8157,2.6665
94.146,-3.9111,0.76047,-8.7845,-2.2749,-6.5438,-5.698,5.5605,-1.8293,1.5931,10.18,-8.3388,-7.1465,1.1833,1.2386,1.3,1.3688,1.4492,1.5465,1.6658,1.7957,1.8844,1.9115,1.9032,1.8801,1.8542,2.6665
95.188,-4.04,2.0636,-6.806,-2.6229,-2.8542,-7.4152,2.0409,-5.8973,3.0304,4.4068,2.7161,-9.8553,1.2071,1.2641,1.3237,1.3859,1.4565,1.5407,1.6449,1.7581,1.84,1.8697,1.8676,1.8524,1.8357,2.6665
93.357,-3.131,1.9082,-8.7571,-1.2512,-4.3468,-11.274,11.351,1.4114,0.25883,-0.44781,-6.746,-6.2564,1.209,1.27,1.333,1.3995,1.472,1.5559,1.6573,1.7644,1.8401,1.8655,1.862,1.8458,1.8274,2.6665
92.497,-7.051,0.99454,-4.796,-0.1274,-6.1803,-7.3993,9.7114,-0.54498,3.5732,-4.7597,-2.1731,0.13526,1.1804,1.2359,1.2962,1.3652,1.4446,1.5407,1.6581,1.7884,1.8809,1.9141,1.9101,1.8904,1.8664,2.6665
93.048,-5.078,2.4286,-4.5757,-4.766,-7.455,-10.772,4.3586,-1.8586,-3.5889,4.5973,-0.82298,-2.7327,1.1983,1.2594,1.3235,1.3905,1.4641,1.5527,1.6624,1.786,1.8808,1.9139,1.9093,1.8895,1.8661,2.6665
93.319,-4.8524,3.452,-5.8677,-1.9275,-5.931,-5.5088,7.5029,3.2383,-4.2655,3.4353,-0.56244,-8.0763,1.2102,1.2731,1.3351,1.3989,1.4698,1.5545,1.6603,1.7827,1.8704,1.8999,1.8955,1.8773,1.8564,2.6665
91.691,-7.9076,2.8242,-4.0405,-1.0531,-3.739,-1.5317,9.3447,0.80945,-1.6555,4.4204,-2.3002,-7.326,1.1789,1.2355,1.2974,1.3685,1.453,1.5574,1.6898,1.8342,1.9345,1.9636,1.9512,1.923,1.8918,2.6665
93.872,-5.1484,4.1951,-5.3038,-2.8126,-7.1949,-7.482,5.4091,-4.129,0.60235,5.2672,-3.3989,-2.7528,1.1883,1.2434,1.3015,1.3669,1.4422,1.5326,1.6396,1.7558,1.8383,1.8709,1.8729,1.8591,1.84,2.6665
95.422,-3.4437,2.1193,-7.7708,-0.90457,-4.4529,-6.186,4.3509,-2.6487,0.7137,3.3285,3.423,-6.3937,1.2117,1.2724,1.3349,1.398,1.4692,1.554,1.6552,1.7644,1.8412,1.8668,1.8616,1.8447,1.8244,2.6665
93.629,-4.447,2.8651,-10.003,-4.5439,-5.6211,-5.0201,9.7013,-0.98255,-2.6792,7.7373,2.3373,-12.201,1.1971,1.2537,1.3148,1.3832,1.4609,1.5563,1.6745,1.8062,1.8941,1.9231,1.9151,1.8921,1.8661,2.6665
92.33,-4.7302,2.9217,-8.6122,-1.9145,-7.3062,-8.046,6.0019,0.84923,1.1442,2.7143,-2.3869,-7.9115,1.2021,1.2579,1.3172,1.3838,1.4587,1.5504,1.6646,1.797,1.8886,1.9138,1.9034,1.8789,1.8517,2.6665
94.356,-6.0024,1.6125,-8.3992,1.5022,-4.025,-5.3325,6.2208,1.8208,4.9822,4.6448,-4.6487,-11.23,1.2066,1.2668,1.325,1.386,1.4524,1.5301,1.6216,1.719,1.7919,1.8242,1.8288,1.821,1.8101,2.6721
94.141,-4.4353,0.17679,-6.3438,-2.0537,-9.1774,-11.247,-2.0396,-2.5903,2.8116,5.0849,5.5406,-7.3848,1.1807,1.239,1.3033,1.3773,1.4618,1.5639,1.6912,1.8328,1.9255,1.9495,1.9371,1.9098,1.8803,2.6721
95.745,-3.3378,1.5371,-9.2122,-0.74304,-1.4796,-5.3087,-0.88568,-0.015417,6.1941,2.5334,2.6303,-3.5898,1.2198,1.2835,1.3479,1.4141,1.4853,1.5696,1.6722,1.7789,1.8505,1.8729,1.8669,1.8493,1.8293,2.6721
94.166,-4.9245,0.23221,-9.5198,0.019568,-1.8804,-4.0022,5.3463,1.4968,2.6607,0.33753,-1.0493,-7.3066,1.2048,1.263,1.3227,1.3861,1.458,1.5433,1.6487,1.7629,1.8469,1.8783,1.8746,1.8565,1.8354,2.6721
93.374,-4.7056,0.051989,-9.2147,-1.1954,-2.8641,-12.444,2.8527,2.172,1.5924,5.0502,-2.5136,-6.9886,1.1885,1.2452,1.305,1.372,1.4517,1.5478,1.6661,1.7971,1.8849,1.9118,1.9036,1.8809,1.8548,2.6721
95.25,-4.2574,-0.069316,-5.6077,-0.24246,-5.8175,-9.9302,-1.886,-3.6547,5.2309,7.3059,4.2392,-3.7587,1.1943,1.2506,1.3124,1.3791,1.454,1.5453,1.6579,1.7818,1.8663,1.8948,1.8877,1.8664,1.842,2.6721
96.025,-4.6048,1.1748,-7.4495,0.52036,-5.4939,-7.3105,6.8883,0.33024,3.1568,2.9375,-4.5921,-4.4533,1.235,1.2986,1.3587,1.4169,1.4799,1.5555,1.6454,1.7407,1.8106,1.8401,1.8416,1.8305,1.8166,2.6721
92.545,-3.6237,-0.051407,-8.6153,2.5084,-3.602,-4.5647,9.1273,-4.2203,1.4707,6.0716,-3.3883,-6.3633,1.1724,1.2303,1.295,1.3672,1.4524,1.5563,1.688,1.8412,1.943,1.9693,1.9547,1.9245,1.8917,2.6721
93.979,-4.2847,2.8168,-7.2806,-2.5641,-7.4358,-11.062,4.3248,-3.363,0.037037,6.2943,5.5354,-5.5533,1.1987,1.2562,1.3168,1.3814,1.4549,1.5432,1.6498,1.7672,1.8561,1.8911,1.8893,1.8723,1.852,2.6721
96.289,-4.1392,2.4035,-11.098,-1.8022,-7.2088,-3.4497,5.7911,-0.17209,3.4881,4.0806,-2.6274,-7.0968,1.1937,1.2525,1.3122,1.3764,1.4483,1.5309,1.6273,1.7309,1.8081,1.8395,1.8401,1.8262,1.8083,2.6721
94.942,-4.9614,0.0065143,-8.0387,-2.2115,-3.2075,-8.2706,6.2868,1.3414,3.6868,4.1899,-3.0949,-8.1615,1.1889,1.2455,1.3076,1.3762,1.4568,1.5535,1.6725,1.8041,1.8932,1.9193,1.9086,1.8848,1.8578,2.6721
95.542,-5.4673,2.1272,-6.0521,-4.8168,-7.4787,-8.2728,3.7187,-1.8121,0.98503,3.6816,6.09,-2.103,1.1884,1.2443,1.3024,1.3652,1.4391,1.527,1.6358,1.7588,1.8523,1.8909,1.8922,1.8767,1.8557,2.6721
94.558,-4.5994,4.3073,-5.0056,-2.8092,-6.9592,-8.3185,10.151,-5.5767,-0.12784,7.8061,-0.91104,-6.0504,1.245,1.3118,1.3744,1.4319,1.4915,1.5622,1.6497,1.7401,1.8002,1.8216,1.8191,1.8073,1.7939,2.6721
94.437,-4.4663,0.1986,-7.523,-3.8693,-1.9104,-5.2221,9.904,-3.4391,1.1825,8.2035,-6.3435,-6.7879,1.1816,1.2369,1.2978,1.3674,1.4495,1.5508,1.6784,1.8266,1.931,1.9573,1.9442,1.9157,1.8839,2.6721
93.168,-4.3874,1.9753,-8.1276,-0.92121,-4.5361,-5.8137,4.4747,-6.502,2.9196,8.4144,-3.9569,-1.529,1.2014,1.2606,1.321,1.388,1.4622,1.5506,1.6582,1.7715,1.849,1.8767,1.8733,1.8559,1.8349,2.6721
93.864,-6.268,0.72713,-5.8415,-2.5951,-7.6489,-3.1988,9.8272,-3.5501,1.3922,2.746,0.84682,-0.14574,1.2076,1.2645,1.3258,1.391,1.4649,1.5516,1.6555,1.7663,1.8478,1.8817,1.8813,1.8651,1.8446,2.7726
94.064,-4.3211,0.61213,-8.6737,-7.6726,-11.857,-9.3936,3.9171,-3.7301,-2.3569,4.0012,5.2299,-3.8734,1.1942,1.2522,1.3146,1.3848,1.4656,1.5623,1.6793,1.8051,1.889,1.9156,1.9068,1.8842,1.8591,2.7726
95.456,-4.5479,3.056,-5.9642,-4.8811,-5.9446,-6.3376,5.9249,2.9455,4.4314,1.2246,-2.3996,-4.8429,1.1967,1.2554,1.3169,1.3825,1.4572,1.5462,1.6518,1.762,1.8402,1.8681,1.8635,1.8443,1.8217,2.7726
94.391,-3.7417,1.8409,-7.9663,-0.91431,-3.4607,-7.2799,6.464,0.22424,0.78187,4.2254,-2.643,-11.049,1.2275,1.287,1.3438,1.4029,1.4683,1.5439,1.6336,1.7313,1.8028,1.8312,1.8308,1.8185,1.8036,2.7726
94.452,-3.0925,-0.31283,-10.51,-1.5765,-3.357,-5.3024,8.8794,-2.315,2.7155,2.6857,-2.5156,-5.8149,1.1733,1.2294,1.2909,1.3623,1.4445,1.5437,1.6654,1.7984,1.8908,1.9193,1.9103,1.8857,1.8573,2.7726
94.72,-2.3923,-1.0349,-7.1245,1.3315,-2.2327,-11.206,1.9705,-0.5901,-0.13308,6.143,-0.93233,-2.4499,1.2268,1.2886,1.3509,1.4173,1.4909,1.5803,1.6895,1.8082,1.8905,1.9153,1.9061,1.8838,1.8594,2.7726
93.82,-3.7872,0.48874,-6.2593,-3.7784,-2.167,-5.1513,8.5978,1.3613,1.1619,6.9225,-8.8117,-8.7206,1.2122,1.2714,1.3324,1.3968,1.4687,1.5547,1.6614,1.7758,1.8548,1.8823,1.8768,1.8579,1.8368,2.7726
92.649,-4.9679,1.8691,-4.9645,-1.1783,-4.0762,-5.9893,8.186,-6.4639,-0.1448,5.0897,-6.4509,-3.5613,1.1926,1.2515,1.3125,1.3779,1.4535,1.5464,1.6635,1.7971,1.8909,1.9215,1.9151,1.8934,1.869,2.7726
93.038,-5.4144,2.9732,-6.7604,-5.5244,-2.4083,-6.9017,3.3962,-3.5765,0.86738,7.688,-2.1325,-6.4296,1.1924,1.2502,1.3141,1.3818,1.4593,1.5507,1.6582,1.7685,1.8492,1.881,1.8798,1.8636,1.8429,2.7726
93.337,-5.2514,1.6207,-6.5571,-1.9788,-3.4346,-6.7069,5.068,2.3099,6.4054,3.586,-2.0504,-10.119,1.2377,1.2982,1.3601,1.4226,1.4913,1.5739,1.6772,1.7868,1.8621,1.886,1.8797,1.8625,1.844,2.7726
94.645,-4.6182,-0.56911,-6.3253,-1.3376,-3.8954,-6.0766,5.4139,3.2996,3.7225,2.1379,-3.7039,-2.62,1.1718,1.2272,1.2902,1.3611,1.4453,1.5476,1.6739,1.8095,1.8975,1.9239,1.9139,1.889,1.8605,2.7726
94.854,-3.8702,1.5705,-6.3565,-3.9373,-7.74,-8.6238,6.5013,3.1667,2.1696,5.7362,-1.2056,-6.4099,1.2058,1.2642,1.3263,1.3917,1.465,1.5534,1.6635,1.7869,1.874,1.9013,1.8936,1.873,1.8504,2.7726
94.257,-4.3574,1.6009,-6.9221,2.0411,-1.8509,-5.8849,4.5448,0.60427,1.4828,5.9477,-5.8082,-9.07,1.2232,1.2826,1.342,1.4035,1.4699,1.549,1.6451,1.7443,1.8158,1.8436,1.8425,1.8284,1.8115,2.7726
94.708,-5.7589,0.11022,-9.4755,-0.31304,0.37148,-8.2963,8.2454,-0.71195,2.2788,1.5223,-3.4275,-8.6142,1.1968,1.2555,1.3177,1.3819,1.4568,1.5442,1.651,1.7672,1.8547,1.8875,1.8861,1.8693,1.8489,2.7726
94.475,-4.6145,0.79324,-8.1181,-1.7142,-1.751,-10.073,6.7669,-0.57489,-1.5081,-0.042013,0.54413,-5.8056,1.1951,1.2497,1.3112,1.3782,1.455,1.5484,1.6615,1.7819,1.8677,1.8987,1.8945,1.8752,1.8519,2.7726
93.758,-5.3438,-0.22924,-6.5828,-0.96301,-3.7227,-3.7286,3.791,-2.2209,2.6658,2.7154,-2.1135,-7.2381,1.224,1.2837,1.3451,1.4075,1.4776,1.5614,1.6651,1.776,1.8533,1.881,1.8777,1.8612,1.8427,2.7881
92.474,-4.7906,0.81464,-7.9756,-3.0517,-6.7789,-2.5532,4.9801,-5.6242,-2.6484,8.2658,0.85432,-5.8697,1.1802,1.2362,1.2965,1.3664,1.4482,1.5486,1.6761,1.8245,1.9221,1.9465,1.9336,1.9054,1.8748,2.7881
94.219,-4.6921,1.9696,-4.2486,-1.2774,-1.5677,-1.7585,3.4262,-6.288,-1.5879,11.114,1.2463,-7.7598,1.2003,1.2589,1.3209,1.3881,1.4649,1.5581,1.6765,1.8086,1.9025,1.931,1.922,1.8973,1.8704,2.7881
93.998,-4.2556,0.041695,-7.6886,1.5213,-3.9618,-4.6377,9.2424,-2.7443,4.6873,3.2622,-9.528,-11.23,1.216,1.278,1.337,1.3995,1.4675,1.5485,1.6466,1.7513,1.8228,1.85,1.8488,1.835,1.8188,2.7881
92.267,-6.4558,0.94581,-8.038,1.1437,-3.8849,-7.7556,10.127,3.9379,-3.9934,-2.1927,-3.6461,-9.8703,1.1979,1.2545,1.3164,1.3842,1.4636,1.5589,1.6797,1.8151,1.9114,1.9407,1.931,1.9064,1.8782,2.7881
93.368,-5.9494,1.0283,-6.081,1.9102,-2.1649,-7.1114,7.3861,-0.5622,-2.1426,-0.15716,0.89272,-2.2803,1.1966,1.2541,1.3129,1.3792,1.4539,1.5441,1.6546,1.7702,1.853,1.8865,1.8848,1.8673,1.8457,2.7881
92.26,-5.7569,3.6984,-6.4934,0.57959,-1.9446,-5.8502,4.8695,-3.6109,-0.046422,5.9724,2.7279,-5.1204,1.2323,1.2958,1.3555,1.4169,1.4849,1.5695,1.6765,1.7938,1.8794,1.9097,1.9046,1.8864,1.8658,2.7881
92.54,-5.1545,1.2548,-6.2347,-2.1985,-4.9857,-2.9548,8.7334,-1.9686,0.89735,1.1598,-1.8794,-8.8481,1.1724,1.2295,1.2912,1.3627,1.4466,1.5493,1.6778,1.8211,1.9185,1.9473,1.9366,1.9095,1.8787,2.7881
93.118,-6.0535,0.24221,-5.8894,-3.714,-4.1349,-11.187,4.5777,0.2626,-5.182,3.2135,-0.34584,1.3985,1.2011,1.2589,1.3191,1.3844,1.4583,1.5477,1.6561,1.777,1.8613,1.8909,1.8878,1.8707,1.8504,2.7881
94.621,-3.5788,0.59593,-7.5171,-4.8924,-0.25945,-4.9099,9.5158,4.6429,3.1295,2.3763,-5.1616,-2.5093,1.2195,1.2837,1.3461,1.4102,1.4811,1.5647,1.6654,1.7734,1.8499,1.8765,1.8726,1.8562,1.8379,2.7881
93.891,-5.2522,1.0412,-3.6666,0.32398,-4.8148,-4.5932,6.4295,-0.98367,0.39879,-0.83786,-1.5561,-5.823,1.2022,1.2586,1.3189,1.3857,1.4624,1.5557,1.6757,1.8126,1.9088,1.9392,1.9304,1.906,1.8789,2.7881
93.248,-5.032,0.67231,-4.2607,2.5769,-3.2236,-4.4076,5.928,-0.96886,-3.9516,-1.9051,-0.57605,-3.7333,1.1984,1.2565,1.3171,1.3825,1.4585,1.5495,1.6636,1.79,1.8788,1.9085,1.9026,1.8824,1.859,2.7881
95.658,-4.1243,0.33066,-7.4865,-0.46955,0.40486,-5.6753,6.3789,-1.0869,2.4054,3.626,-2.1306,-8.3325,1.2076,1.2675,1.3275,1.3896,1.4589,1.5417,1.6412,1.7484,1.8268,1.8571,1.8562,1.8425,1.8266,2.7881
95.777,-5.2195,0.18213,-9.7758,1.6165,-3.0661,-8.446,6.6342,-5.0181,0.73026,6.6203,-3.3472,-7.1052,1.179,1.2334,1.2941,1.3635,1.4449,1.544,1.6668,1.7991,1.8914,1.9219,1.9142,1.8905,1.8632,2.7881
93.659,-5.1149,-0.094468,-6.6359,0.95259,-3.6246,-11.16,5.9398,2.1608,3.3677,4.6101,-6.7474,-7.9384,1.2043,1.2661,1.3284,1.3933,1.4644,1.5497,1.654,1.7624,1.8391,1.8681,1.865,1.8492,1.8311,2.7881
96.407,-5.4396,0.53215,-9.0655,-2.4484,-2.8553,-6.8799,8.1186,0.50018,4.2391,3.6721,-5.8057,-7.1088,1.2288,1.2874,1.3453,1.401,1.4607,1.5304,1.6132,1.6983,1.7633,1.7935,1.7984,1.7913,1.7805,2.855
92.084,-4.674,-0.11408,-6.9758,-1.6357,-5.0296,-6.135,3.9093,-5.5708,2.5864,11.44,-5.6992,-8.3244,1.1928,1.2491,1.3092,1.3758,1.4531,1.5458,1.6601,1.7891,1.884,1.9173,1.9119,1.8903,1.8647,2.855
94.347,-4.6529,2.9784,-7.3524,-0.30356,-1.3131,-5.6015,4.466,-2.3393,2.039,6.0315,-1.4082,-6.9601,1.2056,1.267,1.3284,1.3951,1.4699,1.5596,1.6705,1.7996,1.8895,1.9194,1.9142,1.8944,1.8714,2.855
94.995,-5.9004,1.8874,-7.84,-2.5256,-0.71734,-1.787,5.7486,-3.7434,1.5564,3.1991,-3.7234,-5.7382,1.2236,1.2827,1.3403,1.3984,1.4618,1.5366,1.6299,1.7325,1.8081,1.8415,1.8453,1.8359,1.8227,2.855
92.806,-4.7548,-1.959,-10.77,-2.8791,-3.4355,-5.3042,7.9475,-4.3897,-1.3234,10.171,-8.3947,-6.8257,1.1952,1.253,1.3138,1.3805,1.4587,1.5524,1.6654,1.7901,1.8768,1.9028,1.8945,1.8717,1.8452,2.855
92.936,-4.9015,2.1433,-6.6393,1.63,-6.1423,-9.1284,1.9458,-7.8339,2.4565,8.7039,1.4087,-5.5038,1.2138,1.2757,1.3366,1.4031,1.4782,1.5685,1.6784,1.7966,1.8802,1.9088,1.902,1.8809,1.8574,2.855
94.176,-4.6682,2.153,-6.7851,-2.0568,-3.8926,-1.0141,10.097,-0.91936,-0.72139,2.7367,-4.5215,-5.7886,1.2309,1.2947,1.356,1.4172,1.485,1.566,1.6674,1.7727,1.8444,1.8696,1.8648,1.8483,1.8306,2.855
94.103,-4.1126,0.82322,-5.7809,-0.9373,-4.9965,-6.4245,7.4283,-3.0093,2.6291,4.5043,-1.9854,-0.034514,1.1716,1.2276,1.2891,1.3598,1.4429,1.5451,1.676,1.8293,1.9281,1.9573,1.9451,1.9167,1.8852,2.855
93.716,-7.6413,1.4594,-3.5699,0.85043,-6.9755,-6.4892,3.959,-5.277,0.5174,6.098,1.4491,5.8891,1.1955,1.2529,1.3133,1.3767,1.4455,1.5288,1.6305,1.74,1.823,1.8588,1.8635,1.8534,1.8389,2.855
94.548,-5.3604,1.8972,-7.2507,-2.0678,-5.6981,-4.8972,9.887,1.2137,3.7516,3.7162,-1.1238,-2.2926,1.2276,1.2894,1.3486,1.4085,1.4749,1.5538,1.6511,1.7569,1.8332,1.8635,1.8636,1.8514,1.836,2.855
93.814,-5.1988,1.7926,-7.7358,-2.3963,-5.5869,-3.7481,7.4403,-4.7102,-4.1293,5.6164,2.986,1.2669,1.1868,1.2442,1.3061,1.3752,1.455,1.5538,1.6789,1.8263,1.9315,1.9611,1.9494,1.921,1.8894,2.855
93.075,-5.3167,0.013857,-8.1427,-3.9318,-8.6199,-5.373,10.038,0.75887,4.7315,4.4857,-3.5112,2.7118,1.2136,1.273,1.3318,1.3932,1.4621,1.5449,1.6499,1.7719,1.8636,1.8976,1.8957,1.8786,1.859,2.855
92.325,-6.3496,3.7868,-6.509,0.19712,-5.4809,-8.5337,11.43,7.3564,1.3251,0.88989,-3.6657,-2.9653,1.2133,1.2722,1.334,1.4014,1.4772,1.5663,1.6733,1.782,1.8546,1.8788,1.8731,1.855,1.8344,2.855
93.946,-3.4556,0.81884,-9.0449,-0.50827,-5.4427,-1.9002,8.6956,-0.30946,-0.54236,4.0606,-4.4427,-8.3567,1.1782,1.2322,1.2937,1.3621,1.4418,1.5386,1.6594,1.7949,1.8886,1.9174,1.9104,1.8877,1.8613,2.855
94.491,-4.1606,0.13918,-5.8514,0.12271,-4.918,-2.6169,4.2956,-2.4319,5.2296,5.217,1.2084,-7.747,1.2218,1.2854,1.3482,1.4121,1.4809,1.5619,1.6581,1.7601,1.8337,1.8604,1.8573,1.8427,1.8264,2.855
92.79,-6.0959,1.4316,-11.25,-0.3597,-4.3545,-3.835,3.5878,-2.3413,4.0987,7.6786,2.6339,-14.033,1.2379,1.3005,1.3618,1.4248,1.4925,1.5726,1.6711,1.7761,1.8538,1.8798,1.8743,1.8568,1.8365,2.7549
92.074,-4.4483,0.46015,-10.257,-3.1627,-5.8275,-8.4275,7.4173,-1.2031,1.862,7.7025,-2.8298,-8.3847,1.1764,1.235,1.2984,1.3694,1.4504,1.5473,1.6658,1.7983,1.8935,1.9243,1.9183,1.8972,1.8725,2.7549
92.745,-5.5142,1.1524,-7.4942,3.2492,-0.97081,-3.4701,10.548,2.8957,-2.3016,0.86044,-8.6467,-6.7963,1.2013,1.2596,1.3204,1.3865,1.4608,1.551,1.6659,1.7961,1.8872,1.9143,1.9057,1.8831,1.8577,2.7549
93.024,-5.4491,1.8806,-5.4388,1.7228,-6.4158,-4.4587,5.2936,1.4076,5.8495,0.20992,-8.1239,-12.9,1.2174,1.275,1.3349,1.3953,1.4643,1.5477,1.6511,1.7643,1.8445,1.8723,1.8703,1.8561,1.8389,2.7549
93.057,-5.1119,2.2616,-6.4901,-0.87757,-6.8919,-6.7648,4.4318,1.2291,5.6083,3.8008,-2.884,-13.104,1.1857,1.2393,1.2987,1.3681,1.4489,1.548,1.6707,1.8068,1.9015,1.9321,1.9243,1.9001,1.8718,2.7549
94.422,-5.1805,1.9224,-5.7588,2.1861,-1.6672,-9.8912,6.9723,-5.8309,0.67055,2.7222,-2.5368,-1.1958,1.1988,1.2561,1.3147,1.3775,1.4489,1.5328,1.6347,1.7424,1.8194,1.8521,1.8562,1.8458,1.8321,2.7549
93.963,-4.621,1.4074,-8.6544,0.70333,-3.5814,-5.9098,8.9386,0.69014,1.0021,6.0196,-11.924,-11.739,1.2172,1.276,1.3382,1.4044,1.4775,1.5662,1.6739,1.7875,1.8646,1.8896,1.8817,1.8619,1.8404,2.7549
93.731,-5.0755,1.2452,-7.4762,3.1859,-5.0037,-9.231,2.6144,-2.4757,0.65893,-0.073728,0.54504,-1.1063,1.1839,1.2402,1.3015,1.371,1.4524,1.5509,1.6746,1.8133,1.907,1.9344,1.9253,1.9,1.8715,2.7549
93.141,-4.602,0.5501,-4.8142,-0.4723,-6.2285,-10.682,7.2632,3.4652,-1.5678,3.5395,-2.8019,-2.8627,1.2008,1.2581,1.3194,1.3862,1.4636,1.5575,1.6739,1.8087,1.9058,1.9362,1.9268,1.9023,1.8752,2.7549
92.681,-4.4462,0.81458,-6.2402,0.52926,-6.0145,-6.1783,8.5882,-1.6196,1.168,5.1831,-2.8734,-3.355,1.2343,1.2958,1.357,1.418,1.4856,1.5679,1.67,1.7842,1.8686,1.8964,1.8917,1.8745,1.8555,2.7549
92.397,-4.8804,4.0464,-4.085,0.64528,-7.3159,-8.0422,6.9397,0.87443,5.3202,2.071,-7.9709,-6.9322,1.1826,1.2387,1.3,1.3696,1.451,1.5522,1.6806,1.8322,1.9378,1.9692,1.9578,1.9292,1.8975,2.7549
93.163,-3.9628,2.0621,-5.0354,-2.7164,-7.2626,-9.2113,5.0557,0.55228,3.4903,6.2264,-0.53653,-3.6941,1.2074,1.2653,1.3249,1.3888,1.4606,1.5478,1.6571,1.7809,1.8675,1.8983,1.8948,1.8773,1.8563,2.7549
94.559,-4.0369,2.6989,-7.438,-1.9908,1.1353,-5.9325,5.6687,-4.1492,0.81351,4.2653,4.2557,-3.6178,1.2237,1.2855,1.3476,1.4111,1.481,1.5648,1.6697,1.7839,1.8625,1.8882,1.8828,1.864,1.8431,2.7549
93.145,-4.4495,0.050514,-8.7588,-1.8811,-5.1035,-3.0199,9.9834,-0.63578,-0.23638,2.5289,-0.99586,-8.2098,1.1828,1.2427,1.3055,1.3769,1.4591,1.5585,1.6802,1.8149,1.9121,1.941,1.9317,1.9065,1.8785,2.7549
92.247,-6.4124,1.9348,-4.9523,-1.215,-4.9448,-3.188,8.9174,-0.28474,0.37318,4.4246,1.21,-7.605,1.1923,1.2523,1.3124,1.3789,1.4556,1.5489,1.664,1.7934,1.8876,1.92,1.9135,1.891,1.8648,2.7549
93.888,-6.0216,0.94401,-9.2275,-0.85178,-3.8019,-6.8423,8.8169,1.2494,2.0872,1.7692,-2.1431,-6.7161,1.2382,1.3048,1.365,1.4251,1.4885,1.5643,1.661,1.7638,1.8412,1.8738,1.8754,1.8642,1.85,5.8631
92.94,-5.0259,-0.12472,-7.0897,-0.39034,-3.3269,-10.944,3.7922,-1.9752,1.3565,5.3391,0.35462,-4.3331,1.1773,1.2325,1.2961,1.3664,1.4485,1.549,1.6761,1.8202,1.9175,1.9463,1.9364,1.9103,1.8808,5.8631
93.975,-4.4528,3.3656,-9.7619,2.1664,-0.53652,-6.2775,7.5028,2.0168,-1.0036,0.52522,3.2791,-5.1963,1.2006,1.2597,1.322,1.3885,1.4632,1.5528,1.6653,1.794,1.8833,1.9122,1.9064,1.8863,1.8631,5.8631
95.004,-4.1923,1.9002,-9.775,-1.0497,-6.335,-6.6511,9.923,4.2289,1.8826,-1.3719,-1.7909,-5.7199,1.196,1.2528,1.3118,1.3753,1.4464,1.5309,1.6349,1.7507,1.8374,1.8728,1.8735,1.8588,1.8396,5.8631
93.279,-4.9261,0.18995,-9.8407,-1.0511,-3.7238,-7.829,5.8221,-0.26021,-0.39856,5.402,3.2171,-0.49566,1.1919,1.2493,1.3104,1.3791,1.4575,1.5516,1.6687,1.8006,1.8873,1.9148,1.9071,1.8847,1.8596,5.8631
94.261,-4.5807,1.5224,-5.0256,1.8086,-2.7987,-9.4197,3.7345,-1.6696,-1.411,-0.21853,-4.2987,-0.097688,1.1895,1.243,1.3024,1.3705,1.4499,1.5458,1.6636,1.7937,1.8856,1.9161,1.9101,1.8883,1.8633,5.8631
88.878,-5.531,1.4474,-7.0596,3.9339,-5.5607,-6.4893,5.6467,-0.57041,-3.1197,-0.91336,1.7328,2.413,1.2309,1.2948,1.3615,1.4295,1.5023,1.5883,1.6922,1.7936,1.8565,1.8774,1.8708,1.8536,1.835,5.8631
