110.49,-11.249,3.4535,-4.2647,1.8583,9.192,-13.93,13.324,-3.7039,3.7564,9.4294,3.2273,2.1557,1.0654,1.0873,1.112,1.1404,1.1719,1.2073,1.2458,1.288,1.3342,1.3846,1.4401,1.5013,1.5676,3.2507
111.58,-11.141,5.8951,-4.7998,-1.8377,8.421,-8.5111,13.815,-3.2128,6.3009,3.6941,3.5889,0.80035,1.0598,1.0816,1.1071,1.1364,1.1695,1.2073,1.2503,1.299,1.3538,1.4154,1.4846,1.5629,1.6482,3.2507
111.11,-11.262,4.1571,-3.2128,-0.69604,9.9238,-13.138,25.196,-1.4093,4.941,5.4437,2.418,-0.011143,1.0579,1.0781,1.1016,1.1285,1.1589,1.1934,1.2319,1.2755,1.3246,1.3808,1.445,1.5198,1.6064,3.2507
110.84,-11.448,3.8105,-3.533,0.17493,10.562,-11.485,22.268,1.1484,11.004,2.5968,-1.8114,-3.7945,1.0561,1.0772,1.1022,1.1303,1.1627,1.1992,1.2406,1.2874,1.3406,1.4017,1.4725,1.5556,1.654,3.2507
111.42,-10.048,7.4371,-6.6868,-0.22283,3.8315,-10.552,15.263,-3.5061,11.047,6.585,-1.3046,-1.2533,1.0712,1.095,1.1224,1.1539,1.1902,1.231,1.2768,1.3282,1.3859,1.451,1.5239,1.6042,1.6883,3.2507
110.26,-9.6419,6.2794,-6.2426,-5.0222,7.0141,-8.6824,19.737,-2.0043,11.032,4.842,-1.404,-6.2301,1.0661,1.0881,1.1141,1.1436,1.1772,1.2156,1.2585,1.3073,1.3626,1.4253,1.4964,1.5759,1.6607,3.2507
109.67,-10.825,4.0382,-5.6755,-2.663,11.396,-3.8328,18.381,0.13276,10.249,9.4676,0.94983,-6.6429,1.0664,1.0886,1.1136,1.1417,1.1737,1.2097,1.25,1.2956,1.3472,1.4061,1.4738,1.5513,1.6377,3.2507
113.37,-11.648,4.3588,-5.1178,-1.5871,7.7034,-10.355,11.727,-3.5259,10.282,7.1767,0.0056341,0.3496,1.0617,1.082,1.1059,1.1331,1.1646,1.1999,1.2402,1.2855,1.3364,1.3935,1.4573,1.5284,1.6049,3.2507
112.47,-11.639,3.9577,-6.2659,-1.8408,5.8778,-9.6792,18.355,-3.2174,9.8122,5.033,1.8444,5.7296,1.0597,1.081,1.1063,1.1353,1.1683,1.2051,1.2473,1.2953,1.3497,1.4118,1.4833,1.5654,1.6585,3.2507
110.43,-10.494,0.49236,-5.2127,2.4487,11.947,-9.7173,19.247,0.60153,11.564,6.8309,2.5532,-3.9454,1.0693,1.0933,1.1194,1.1502,1.1844,1.2234,1.2672,1.3163,1.3714,1.4335,1.5032,1.581,1.6641,3.2507
111.43,-10.258,5.6694,-3.7115,0.53568,9.0954,-11.394,17.289,-3.6681,10.105,0.84717,-2.6721,0.78915,1.0828,1.1051,1.1305,1.1592,1.192,1.2294,1.2717,1.3188,1.3714,1.4296,1.4936,1.563,1.6369,3.2507
112,-11.496,5.519,-4.958,-4.6444,3.8553,-7.1623,17.206,0.019932,12.455,7.1119,4.4479,6.3758,1.0573,1.0765,1.0993,1.1252,1.1551,1.1895,1.2277,1.2711,1.3201,1.3761,1.4404,1.5154,1.6047,3.2507
110.28,-11.384,4.2947,-0.69287,-1.8483,6.5109,-9.204,22.501,2.8614,12.807,-2.2805,0.70973,4.2035,1.0701,1.0944,1.1219,1.153,1.1875,1.2263,1.2693,1.3175,1.3718,1.4324,1.5005,1.5753,1.6535,3.2507
108.9,-11.546,2.3725,-3.1277,0.2157,8.2314,-8.9406,18.447,3.1234,12.218,0.77929,5.1991,2.2983,1.0832,1.1064,1.1345,1.1652,1.2009,1.2412,1.2867,1.3378,1.395,1.4593,1.531,1.6093,1.6895,3.2507
112.8,-12.054,3.9646,-3.3416,-1.5398,4.7288,-6.5384,10.42,-1.7379,12.93,1.0126,2.0753,2.631,1.0645,1.0874,1.1142,1.144,1.1778,1.2154,1.2574,1.304,1.3567,1.4167,1.4855,1.5659,1.6594,3.2507
110.46,-10.609,4.7684,-4.8255,1.0659,6.6999,-8.3199,19.313,-0.75797,12.42,1.7191,0.51877,-0.72293,1.064,1.0865,1.1119,1.1415,1.1753,1.2143,1.2584,1.3088,1.366,1.4311,1.5045,1.5854,1.6714,3.3564
111.92,-11.218,2.9703,-5.3422,1.8298,9.0498,-10.089,13.136,-0.24992,7.4626,5.9832,3.9294,-0.84137,1.0751,1.0987,1.1254,1.1559,1.1901,1.2282,1.2712,1.3188,1.3726,1.4329,1.5009,1.5781,1.6627,3.3564
109.59,-9.9404,4.6056,-4.4375,-0.80249,10.691,-10.457,24.761,3.7433,8.7706,2.442,-2.5798,-9.2954,1.0672,1.0909,1.1167,1.1461,1.1791,1.2161,1.2578,1.304,1.3555,1.4128,1.4766,1.5452,1.6172,3.3564
110.61,-12.198,4.2649,-3.2983,0.010949,9.9388,-13.23,15.978,-0.97169,12.063,9.1112,0.88083,0.6434,1.0537,1.0732,1.0964,1.1233,1.154,1.1892,1.2291,1.2747,1.3259,1.3841,1.4503,1.5265,1.6164,3.3564
111.89,-11.468,4.8194,-7.7435,-0.19784,3.4109,-12.446,13.158,-0.1712,12.286,1.3017,2.7467,2.4066,1.0673,1.0893,1.1154,1.1444,1.1781,1.2159,1.2589,1.3073,1.3626,1.425,1.4964,1.5777,1.6658,3.3564
110.79,-9.9397,2.2218,-6.7538,-3.5805,6.911,-9.9211,19.355,4.0281,9.6049,-0.024432,2.3568,1.2861,1.0719,1.0938,1.1194,1.1481,1.1814,1.219,1.2615,1.3094,1.3629,1.4219,1.4867,1.5558,1.6255,3.3564
110.37,-11.693,3.257,-3.3912,-1.5324,10.809,-8.2655,18.933,3.5358,9.9647,6.5883,-0.44386,-4.7019,1.0592,1.0805,1.1045,1.1322,1.1637,1.1995,1.2392,1.284,1.3342,1.3905,1.4534,1.5237,1.5999,3.3564
112.07,-11.839,7.7094,-3.8671,0.94337,7.0544,-11.003,13.165,-2.2589,11.278,-1.0077,2.7841,5.5905,1.0605,1.0832,1.1087,1.1389,1.173,1.2121,1.2564,1.3069,1.3648,1.4315,1.5105,1.6052,1.7182,3.3564
112.09,-10.156,3.1754,-7.9597,-2.5983,9.8654,-7.6139,16.687,2.0988,10.291,3.9226,4.2005,3.9346,1.0605,1.0833,1.108,1.1369,1.1689,1.2048,1.2453,1.2906,1.3418,1.3999,1.4662,1.5422,1.626,3.3564
111.2,-9.8301,3.0023,-6.5502,-0.74981,9.7477,-9.8542,20.43,4.2429,10.431,7.9722,0.47529,-2.5749,1.0641,1.0868,1.1126,1.1421,1.1754,1.2132,1.2553,1.3031,1.3569,1.4177,1.4853,1.5599,1.6377,3.3564
110.81,-9.8307,3.7972,-6.3746,1.6011,8.3413,-13.356,16.06,-1.5865,11.52,7.1637,1.0244,-3.1466,1.0735,1.0973,1.1234,1.1548,1.1895,1.2294,1.2742,1.324,1.3796,1.4412,1.5078,1.5772,1.6448,3.3564
109.81,-12.705,2.5953,-5.6115,-2.8525,5.2357,-7.4698,21.938,3.4522,9.8084,5.2034,-2.9424,2.2077,1.0521,1.0703,1.0922,1.117,1.1455,1.1779,1.2143,1.2556,1.3016,1.3542,1.414,1.4827,1.5624,3.3564
109.72,-11.462,0.26448,-2.4985,-1.8823,9.7318,-9.6108,25.637,8.6302,7.4247,-0.52058,-8.7001,0.36502,1.0692,1.0921,1.1179,1.1471,1.18,1.2165,1.2574,1.3028,1.3541,1.4107,1.4733,1.5426,1.6166,3.3564
109.71,-11.127,4.928,-2.6947,-1.3753,8.3119,-9.4882,16.212,-2.1326,14.249,5.445,2.3392,-1.7268,1.0672,1.0894,1.1149,1.1438,1.1769,1.2142,1.2558,1.3026,1.3545,1.4125,1.4774,1.5508,1.6323,3.3564
113.47,-12.31,4.0312,-4.1128,1.6326,9.0893,-11.365,14.52,-0.54761,10.327,2.8669,1.8322,2.2255,1.0555,1.0769,1.1011,1.1293,1.1611,1.1975,1.2383,1.2842,1.3361,1.3948,1.4621,1.5399,1.6318,3.3564
111.43,-11.388,4.0994,-4.5419,0.092328,9.0491,-12.837,10.869,-0.36077,17.465,9.7166,1.949,-0.15416,1.0599,1.081,1.1051,1.1332,1.1645,1.2004,1.2404,1.2852,1.3356,1.3924,1.457,1.5311,1.6163,3.0864
110.89,-12.295,2.8687,-5.7955,0.085512,7.963,-7.6575,11.879,4.5086,11.869,-1.2249,-2.2691,2.6767,1.0789,1.1001,1.1255,1.1544,1.188,1.2256,1.268,1.3156,1.3694,1.4302,1.4989,1.5758,1.6581,3.0864
110.11,-10.827,2.7223,-7.0135,-1.1651,11.666,-6.4547,21.656,2.5191,7.6842,5.8276,-6.6066,-4.5256,1.0575,1.0772,1.1006,1.1263,1.156,1.1892,1.2273,1.2705,1.3192,1.3739,1.4359,1.5063,1.587,3.0864
111.02,-11.75,3.1722,-4.6438,1.7962,10.115,-13.466,16.26,-0.6884,6.4789,3.8873,4.6059,4.1075,1.0629,1.0852,1.1111,1.1404,1.1733,1.2103,1.2514,1.297,1.3479,1.4047,1.4684,1.5398,1.6178,3.0864
111.58,-12.933,5.6374,-2.6129,2.7356,7.096,-8.6047,10.15,-4.2255,14.982,-2.9618,3.7268,1.1693,1.0614,1.0844,1.1109,1.1424,1.178,1.2192,1.2658,1.3193,1.3804,1.4512,1.5344,1.6323,1.7394,3.0864
111.45,-10.64,0.64587,-6.0669,-4.2304,9.9192,-12.81,22.273,3.9991,14.663,2.4053,4.1815,-0.85107,1.0608,1.0829,1.1088,1.1378,1.1718,1.2092,1.2528,1.3009,1.3552,1.4161,1.4843,1.5609,1.6449,3.0864
109.9,-9.0317,2.7618,-4.7707,-1.403,11.296,-8.8223,19.405,-4.1852,9.1209,9.2346,2.2781,-5.9425,1.0622,1.0841,1.1091,1.138,1.1711,1.2087,1.2516,1.3005,1.3557,1.4188,1.4899,1.5681,1.6503,3.0864
111.87,-11.584,4.0468,-6.101,1.6848,9.4647,-10.89,18.988,-7.2482,13.841,6.9029,-3.9525,-2.2128,1.0602,1.0822,1.1078,1.1372,1.1709,1.2094,1.2527,1.3016,1.3574,1.4208,1.4926,1.5746,1.6672,3.0864
110.62,-13.124,3.6711,-4.8948,-2.3351,7.9602,-6.8689,21.385,1.7121,10.053,2.3311,-5.0848,4.033,1.0544,1.0763,1.1008,1.1291,1.1608,1.1966,1.2368,1.2821,1.333,1.3903,1.4554,1.5298,1.6144,3.0864
110.46,-10.715,1.9502,-5.173,0.5942,9.6638,-8.5728,17.22,1.2858,7.507,7.2652,-6.1971,-4.0155,1.0671,1.0895,1.1147,1.144,1.1773,1.2151,1.2573,1.3045,1.3573,1.4163,1.4816,1.5511,1.6206,3.0864
111.49,-10.915,5.2656,-5.1122,-0.030268,6.3111,-11.651,13.905,-2.3974,12.62,6.1849,1.0356,-2.0574,1.0605,1.0824,1.1081,1.1379,1.172,1.2108,1.2551,1.3057,1.363,1.4289,1.505,1.5932,1.694,3.0864
111.95,-11.736,6.666,-6.6803,-3.6797,7.2534,-6.001,16.924,-2.6718,13.222,4.0663,-0.54482,2.1207,1.0572,1.079,1.1028,1.1301,1.1605,1.195,1.2336,1.2769,1.3261,1.3821,1.4463,1.5204,1.6072,3.0864
110.41,-10.032,1.7254,-3.5901,-2.0479,13.24,-7.5264,20.292,-7.7629,11.92,4.1118,-7.3605,-1.9229,1.0665,1.0896,1.1158,1.1458,1.1794,1.2177,1.2605,1.3088,1.3628,1.4238,1.4912,1.5648,1.6415,3.0864
109.53,-9.5234,2.634,-6.0863,5.9672,8.0386,-10.976,20.264,-1.4087,13.214,0.75918,0.1502,-0.090972,1.0654,1.0911,1.1195,1.1517,1.1877,1.2282,1.2737,1.3251,1.3832,1.4494,1.5254,1.6137,1.7141,3.0864
112.21,-11.805,5.3431,-6.5733,0.83962,6.8661,-9.9037,16.048,-1.8026,14.978,4.17,2.0592,-2.5869,1.061,1.0842,1.1096,1.1389,1.1716,1.2091,1.2516,1.2998,1.3541,1.4158,1.4862,1.5664,1.6566,3.0864
111.29,-11.854,2.7718,-5.3054,0.87669,10.965,-14.643,14.543,-0.14216,6.8254,4.8865,0.19133,-0.45222,1.0651,1.0874,1.1118,1.1395,1.1701,1.2038,1.2416,1.2835,1.3304,1.3826,1.4414,1.5083,1.5841,2.9971
113.84,-12.313,4.3365,-6.7566,-2.3519,8.4079,-10.977,15.242,0.92595,12.897,1.6139,-0.61936,1.9912,1.0703,1.0922,1.1182,1.1468,1.1799,1.2167,1.2584,1.3054,1.3588,1.4193,1.4881,1.5673,1.656,2.9971
111.36,-10.509,1.6533,-4.6226,0.72066,11.717,-13.658,16.883,1.6761,12.127,5.125,-4.3535,1.1554,1.0596,1.0802,1.1037,1.1307,1.1612,1.1958,1.235,1.2793,1.3295,1.3867,1.4526,1.5287,1.6177,2.9971
112.64,-10.157,2.8617,-4.6352,0.92438,10.228,-15.469,18.612,0.82188,10.829,3.4091,-3.2799,2.5462,1.0561,1.0755,1.0985,1.1247,1.1549,1.189,1.2278,1.2705,1.3185,1.3718,1.4312,1.4977,1.5716,2.9971
113.74,-13.015,5.6035,-3.1789,-2.187,6.693,-9.4874,10.728,-0.37801,14.543,1.1814,2.0174,1.7611,1.0606,1.0829,1.1077,1.1366,1.1693,1.2068,1.2487,1.2967,1.3512,1.4138,1.4859,1.5691,1.6637,2.9971
113.21,-10.201,2.1497,-2.6483,-1.9623,7.6668,-14.48,20.291,1.1294,11.229,-0.56188,-2.4101,-0.41013,1.058,1.0795,1.1049,1.1339,1.167,1.2042,1.2469,1.2953,1.3502,1.4129,1.4846,1.5665,1.6591,2.9971
110.62,-11.199,4.3364,-2.7191,-0.52615,9.4088,-14.557,19.976,2.4417,10.317,2.053,-3.4738,-3.5533,1.059,1.0806,1.1058,1.1346,1.1674,1.2042,1.2466,1.2945,1.3487,1.4105,1.4808,1.5615,1.6527,2.9971
111.38,-11.66,4.6999,-4.388,0.5591,5.0029,-10.845,13.842,-1.9192,14.138,3.3393,0.0074429,-1.1296,1.0656,1.0884,1.115,1.1453,1.1795,1.2181,1.262,1.312,1.369,1.4347,1.5116,1.602,1.6998,2.9971
110.95,-11.951,3.9879,-7.775,-5.2974,3.0251,-3.8142,17.154,-1.8766,16.224,7.2835,1.6816,0.68726,1.0656,1.0896,1.1166,1.1479,1.1827,1.222,1.2662,1.3159,1.372,1.4345,1.5044,1.5819,1.6625,2.9971
111.28,-11.123,2.6982,-5.158,-0.50152,12.112,-8.739,14.695,-0.62574,13.198,5.525,-2.1299,-6.2588,1.0698,1.0946,1.1219,1.1527,1.1866,1.2248,1.267,1.3147,1.3681,1.4282,1.4951,1.5692,1.6475,2.9971
111.16,-10.362,4.5615,-5.6586,2.136,4.3365,-10.65,22.514,0.56087,10.354,3.6233,-0.79418,-0.38234,1.0719,1.0969,1.1251,1.1573,1.1936,1.2347,1.281,1.3336,1.3939,1.4639,1.5457,1.6388,1.7365,2.9971
113.33,-13.379,4.958,-6.0636,-2.2076,2.974,-12.011,20.883,4.0979,15.603,6.6758,2.6252,4.5201,1.0568,1.0765,1.0997,1.1259,1.1559,1.1897,1.2275,1.2702,1.3186,1.3734,1.4367,1.5101,1.5965,2.9971
111.95,-10.323,3.1765,-1.5024,-2.1232,8.9833,-16.35,18.593,7.2846,13.028,4.0682,-6.8385,-5.2248,1.0743,1.0993,1.1273,1.1592,1.1949,1.2348,1.2791,1.3271,1.3789,1.4355,1.496,1.5577,1.6171,2.9971
109.84,-10.496,4.0833,-4.3898,-0.25491,8.3511,-11.438,13.496,-2.3112,8.9241,10.192,2.0471,-3.3434,1.0694,1.0936,1.1205,1.1515,1.1867,1.2264,1.2709,1.3208,1.3759,1.4373,1.5055,1.5814,1.6634,2.9971
111.72,-13.065,3.6225,-6.3978,-2.6654,7.2548,-6.5303,17.455,2.2846,15.526,4.5832,0.19347,-5.4241,1.06,1.0816,1.1059,1.1338,1.1651,1.2008,1.2412,1.2869,1.3385,1.3972,1.4642,1.5417,1.6292,2.9971
111.45,-11.163,4.4399,-4.4388,-0.94055,8.6103,-9.995,17.164,2.2387,10.512,6.3877,5.9674,-1.6302,1.0619,1.0836,1.1081,1.1361,1.1674,1.2024,1.2418,1.2857,1.3352,1.3905,1.453,1.5234,1.601,2.994
111.47,-13.071,3.4871,-4.0648,1.5303,6.9312,-7.5844,12.805,-3.0855,17.9,4.4662,2.7637,3.0745,1.0612,1.082,1.107,1.1364,1.1704,1.2094,1.2538,1.304,1.3611,1.4256,1.4991,1.5822,1.6747,2.994
112.33,-9.6596,1.4342,-5.4532,-1.4362,10.085,-11.975,20.161,1.0545,12.051,4.2704,0.52799,-1.7903,1.0652,1.0887,1.115,1.145,1.1787,1.2168,1.2596,1.3079,1.3625,1.4247,1.4958,1.5776,1.6713,2.994
112.49,-11.183,3.8021,-6.4844,-2.0332,10.704,-13.791,17.525,0.44829,9.6091,6.7398,1.0839,0.90528,1.0561,1.0768,1.1003,1.1277,1.1589,1.1939,1.2338,1.2785,1.3286,1.3858,1.4504,1.5245,1.609,2.994
112.69,-12.353,4.0373,-6.9771,-3.2689,4.7773,-7.8869,13.263,-1.5051,14.246,3.865,0.99299,-1.1937,1.0601,1.0816,1.1066,1.1349,1.1672,1.2038,1.2449,1.2912,1.3436,1.4031,1.4705,1.546,1.6264,2.994
113.11,-10.236,3.1438,-5.4858,-4.6642,4.9471,-15.035,19.296,2.6934,11.686,-1.1153,-3.0691,5.3398,1.0658,1.0869,1.1135,1.1424,1.1763,1.2141,1.2572,1.3058,1.3618,1.4257,1.5009,1.5895,1.6913,2.994
110.19,-10.538,3.717,-7.2112,0.94332,10.023,-10.291,16.923,-3.768,9.3035,6.7739,0.58187,0.55338,1.0703,1.0949,1.1221,1.1531,1.188,1.2275,1.2722,1.3228,1.3794,1.4432,1.5153,1.5961,1.6814,2.994
111.73,-12.305,6.9345,-4.0376,-1.789,9.5169,-8.377,17.288,-2.6238,5.7126,3.5238,2.4022,6.0208,1.0555,1.0762,1.1001,1.128,1.1598,1.1959,1.2366,1.2825,1.3341,1.3928,1.46,1.5378,1.6296,2.994
112.35,-12.092,4.6515,-5.491,-3.6045,9.6073,-11.626,16.683,3.2205,10.532,2.993,-0.51028,2.7077,1.054,1.0747,1.0988,1.1264,1.1583,1.194,1.2346,1.2803,1.3321,1.3912,1.4584,1.5358,1.6238,2.994
113.28,-10.29,2.6812,-4.2525,-0.51691,8.0291,-11.167,14.466,4.118,10.2,0.60941,1.5484,-0.89355,1.0643,1.0875,1.115,1.1457,1.1805,1.2193,1.2629,1.3119,1.3668,1.4287,1.4978,1.5742,1.6544,2.994
112.74,-11.944,3.1138,-5.6095,-1.9956,8.6061,-7.4326,14.511,-1.1588,13.871,6.1916,7.2525,-1.1222,1.0648,1.0888,1.1155,1.1471,1.1822,1.2226,1.2679,1.3195,1.3775,1.4436,1.5189,1.6043,1.6926,2.994
111.36,-13.109,2.8329,-7.1171,0.052248,6.7907,-6.156,15.134,-1.7263,14.41,2.3905,1.1405,3.2183,1.0606,1.082,1.1069,1.1353,1.1676,1.2043,1.2456,1.2923,1.3453,1.4056,1.4746,1.5543,1.6443,2.994
111.35,-9.0563,2.8437,-5.699,-3.1623,7.8809,-12.494,15.943,1.6015,10.901,2.2876,-3.6849,-1.9974,1.0711,1.0946,1.1206,1.1506,1.1845,1.2224,1.2654,1.3135,1.3683,1.4294,1.4976,1.5721,1.6488,2.994
110.39,-11.557,2.9685,-2.5428,0.045152,5.968,-9.8221,17.285,-0.20547,9.9816,6.1648,3.8257,3.2698,1.0674,1.0882,1.1135,1.141,1.1726,1.2084,1.2491,1.2948,1.3458,1.4012,1.4618,1.529,1.604,2.994
110.02,-12.797,5.0546,-3.9559,-1.9944,8.6382,-1.6889,14.254,-1.3327,13.088,10.083,2.5599,0.43369,1.059,1.0808,1.1053,1.1341,1.1669,1.2044,1.2472,1.2954,1.3503,1.4121,1.4819,1.5601,1.6443,2.994
111.33,-10.967,4.7762,-6.8521,-4.1633,10.004,-8.1119,13.266,-0.22893,13.574,11.439,5.1805,-3.1951,1.0572,1.0785,1.1032,1.1317,1.1638,1.2005,1.2415,1.288,1.3406,1.3997,1.4667,1.5436,1.6317,2.852
110.78,-13.6,5.2821,-6.7248,-4.3312,12.045,-5.5045,15.273,0.098821,9.0544,5.0141,-1.6088,-2.2757,1.0698,1.0933,1.1203,1.1514,1.1864,1.2263,1.2713,1.3215,1.3769,1.4381,1.5051,1.5772,1.6531,2.852
112.28,-11.394,3.7839,-4.8408,-4.5537,11.495,-12.923,15.891,-0.28018,12.681,3.3311,-3.8679,-2.6216,1.0555,1.0768,1.1009,1.1287,1.16,1.1945,1.2342,1.2783,1.3283,1.385,1.4499,1.5255,1.6149,2.852
111.13,-11.825,4.579,-3.5142,0.69418,7.597,-13.923,15.58,-2.1891,7.0761,4.2215,-2.877,4.0634,1.0544,1.076,1.1011,1.1298,1.1624,1.1991,1.2402,1.2868,1.3391,1.3986,1.466,1.5418,1.6262,2.852
110.76,-13.273,4.6398,-3.4801,0.88406,4.172,-5.3134,16.92,-0.18295,8.6994,1.7817,2.1847,1.3002,1.0654,1.0873,1.1129,1.1421,1.1758,1.2143,1.258,1.3078,1.3643,1.4286,1.5005,1.5783,1.6597,2.852
109.97,-9.2682,1.0438,-5.4316,-2.608,4.895,-10.437,16.177,4.2343,10.022,3.1422,2.8234,-0.35087,1.072,1.0959,1.123,1.1532,1.1875,1.2256,1.2686,1.3171,1.372,1.434,1.5023,1.5745,1.6474,2.852
110.61,-11.016,3.0683,-2.85,-0.96115,7.1953,-13.303,19.063,8.197,11.565,3.1857,-3.4455,-3.0839,1.0629,1.0853,1.1107,1.1404,1.1735,1.2113,1.2535,1.3006,1.3535,1.4128,1.4795,1.5536,1.632,2.852
111.1,-12.38,4.5521,-4.2859,-0.22338,8.844,-10.288,17.014,-2.231,10.744,5.5447,0.46769,1.8509,1.059,1.0812,1.1051,1.1333,1.1645,1.2,1.2398,1.2846,1.3355,1.3938,1.4616,1.5411,1.6349,2.852
113.46,-12.228,2.6554,-5.2992,-2.1157,9.285,-10.681,16.156,1.6932,7.4182,-0.83932,-2.6037,8.4735,1.0552,1.0761,1.0994,1.1272,1.158,1.1939,1.2339,1.2797,1.3316,1.391,1.4592,1.5371,1.6244,2.852
112.14,-10.83,3.5458,-3.7301,-1.2515,7.3199,-16.072,19.206,5.0882,12.988,-0.23014,-4.208,-5.8587,1.0616,1.0833,1.1089,1.1385,1.1726,1.2114,1.2558,1.3065,1.364,1.4293,1.5035,1.589,1.6828,2.852
110.84,-12.579,5.0648,-3.6899,-3.0383,3.8945,-7.2023,18.505,-2.889,13.184,3.2509,3.0556,1.7584,1.0635,1.0851,1.1108,1.1388,1.1709,1.2069,1.2475,1.293,1.3441,1.402,1.4675,1.543,1.6295,2.852
113.43,-12.239,4.5893,-6.3852,-3.3656,5.0052,-6.561,15.933,0.71058,15.15,5.5761,-6.3003,-0.36799,1.0523,1.0724,1.0962,1.1232,1.1546,1.1899,1.2301,1.2753,1.3264,1.384,1.4491,1.5235,1.6085,2.852
112.52,-10.331,2.2104,-3.4664,-2.1463,9.3351,-14.848,16.329,-0.80413,11.251,5.0451,-5.4544,-1.4146,1.0654,1.0857,1.11,1.1374,1.1685,1.2034,1.2428,1.2866,1.3348,1.3887,1.4475,1.5095,1.5731,2.852
110.29,-10.667,4.8325,-4.596,0.14887,11.799,-9.5823,14.38,0.80949,5.4441,4.3528,4.4579,-4.765,1.0656,1.0893,1.1156,1.146,1.1798,1.2186,1.2617,1.3103,1.365,1.4276,1.5004,1.585,1.6823,2.852
111.43,-13.224,4.19,-4.893,0.97688,6.7721,-9.102,14.749,-2.3491,17.722,10.32,0.75528,-1.3916,1.0612,1.0824,1.1066,1.1343,1.1657,1.2013,1.241,1.286,1.3366,1.3946,1.4612,1.5392,1.6316,2.852
110.26,-12.838,3.7696,-2.0999,-2.5935,5.9619,-8.9021,15.398,0.87384,11.039,5.9834,-0.488,-0.17787,1.0626,1.0832,1.1082,1.1361,1.1682,1.2035,1.2439,1.2893,1.3402,1.3975,1.4622,1.5348,1.616,3.131
112.04,-12.211,1.873,-5.4768,-0.86491,5.5248,-6.4168,14.633,2.3304,9.6476,0.12885,3.5898,3.4943,1.0638,1.085,1.1098,1.1384,1.1714,1.2088,1.2518,1.3003,1.3553,1.4176,1.4879,1.5664,1.6488,3.131
112.1,-10.047,0.10859,-4.694,-0.8948,8.1756,-12.659,17.964,1.3869,10.079,2.3638,1.2205,4.7238,1.0581,1.0789,1.1023,1.1297,1.1606,1.1961,1.2359,1.2809,1.3315,1.3888,1.4532,1.5251,1.6021,3.131
111.01,-10.397,4.0337,-6.6877,-0.074151,12.019,-13.183,21.663,-3.18,8.1508,12.732,-3.8991,1.6418,1.0622,1.0828,1.1067,1.1341,1.1647,1.199,1.2371,1.2798,1.3273,1.381,1.4417,1.5111,1.591,3.131
112.74,-12.464,5.3119,-4.1995,-0.070445,4.3633,-13.258,14.845,-1.0387,11.283,2.6012,3.7172,4.6346,1.0567,1.0791,1.1032,1.1324,1.1649,1.203,1.2455,1.2942,1.3498,1.4138,1.4882,1.5756,1.6775,3.131
112.82,-10.381,2.916,-2.5031,-2.051,7.4827,-12.091,17.663,0.52352,6.8186,0.3164,-5.5448,6.7135,1.0569,1.0771,1.1001,1.1264,1.156,1.1892,1.2267,1.269,1.3166,1.3704,1.4321,1.5034,1.5868,3.131
110.4,-11.699,3.7043,-4.1617,1.3402,9.1219,-10.997,21.904,2.3288,10.725,2.4732,-3.1411,1.6497,1.0638,1.0857,1.1116,1.1408,1.174,1.2116,1.2535,1.3008,1.3545,1.4157,1.4867,1.5695,1.6661,3.131
110.86,-11.522,4.8951,-4.8975,-3.5241,4.1364,-8.6932,17.497,-1.5246,5.3745,6.3698,7.2894,-0.070964,1.0653,1.087,1.1118,1.1403,1.1721,1.2082,1.2486,1.2939,1.3446,1.4019,1.4656,1.5362,1.6095,3.131
110.72,-13.553,3.0181,-6.1656,-6.7644,2.41,-11.65,20.475,5.3533,10.961,5.8801,1.7083,8.9047,1.0578,1.0803,1.1054,1.1348,1.1675,1.2051,1.2475,1.2958,1.3504,1.4128,1.4841,1.5661,1.6572,3.131
110.21,-10.287,2.3936,-5.9356,0.90487,9.6967,-11.702,17.857,-0.24934,10.662,2.8835,3.4645,-3.7824,1.0663,1.0889,1.1139,1.143,1.1762,1.2142,1.2571,1.3058,1.3609,1.4236,1.4946,1.5727,1.6518,3.131
111.22,-10.746,5.0199,-4.1081,-0.076008,7.9247,-7.9606,17.44,-4.779,5.3969,6.601,1.769,0.5941,1.0635,1.0871,1.1133,1.1443,1.1788,1.2186,1.2631,1.3134,1.3704,1.4349,1.5081,1.5901,1.677,3.131
112.93,-12.956,4.2985,-6.3584,-1.2675,5.9942,-8.6979,14.077,-0.52807,13.03,10.429,2.8659,-0.51473,1.057,1.0799,1.1051,1.135,1.1676,1.2049,1.2468,1.2942,1.3478,1.4087,1.4784,1.5581,1.6471,3.131
112.54,-9.4584,3.0729,-4.0399,-3.4455,8.1324,-11.106,19.705,-1.917,10.516,3.4277,-1.5904,0.084058,1.0671,1.0902,1.1164,1.1463,1.1803,1.2187,1.2625,1.3122,1.3684,1.4329,1.506,1.5879,1.6755,3.131
109.64,-11.086,4.6944,-5.1313,0.69388,9.3146,-8.9978,16.816,-0.67291,5.1413,6.8772,2.4376,-3.1497,1.058,1.0797,1.1052,1.1349,1.1687,1.2078,1.2522,1.3032,1.3611,1.4279,1.5042,1.5905,1.6865,3.131
112.37,-13.527,2.4408,-7.5675,-0.77472,6.9663,-10.079,16.378,3.3408,17.722,3.9887,0.72328,-1.9093,1.0699,1.0929,1.1198,1.15,1.1845,1.2232,1.267,1.3159,1.3705,1.4315,1.4997,1.5749,1.6549,3.131
110.91,-10.636,4.6317,-4.4019,-2.7024,7.2522,-8.2969,19.871,0.49352,8.0477,6.9349,5.7267,1.5507,1.0562,1.0774,1.1015,1.1291,1.1604,1.1959,1.2359,1.2809,1.332,1.3897,1.4557,1.532,1.6208,3.0448
111.63,-12.663,3.4782,-3.4577,-0.47132,8.4655,-7.8534,16.105,-2.9921,10.461,2.9621,-1.6639,0.51876,1.069,1.0909,1.1168,1.1467,1.1805,1.2192,1.2628,1.3126,1.3687,1.4323,1.5035,1.5819,1.6625,3.0448
111.38,-10.443,3.4198,-3.377,-0.80297,10.294,-12.571,18.929,-2.4291,9.3377,4.6013,-1.2338,-1.6058,1.0607,1.0816,1.1064,1.1348,1.1674,1.2041,1.2458,1.2929,1.3462,1.4068,1.4763,1.5566,1.6482,3.0448
110.47,-10.981,3.3025,-4.2759,-2.0581,7.5349,-10.139,20.428,1.5656,7.7864,9.0165,6.1985,-0.14205,1.0638,1.0867,1.1132,1.1431,1.1771,1.215,1.2578,1.3062,1.3608,1.423,1.4937,1.5735,1.6599,3.0448
112.13,-13.123,4.0017,-5.7467,-2.7213,5.1267,-8.4792,10.226,-5.4431,9.4889,5.2977,10.048,2.1807,1.0635,1.086,1.1122,1.1423,1.1772,1.2169,1.2622,1.3133,1.372,1.4393,1.5176,1.607,1.702,3.0448
111.05,-10.248,3.305,-7.0257,-2.4132,6.7061,-12.472,19.282,1.0978,7.1664,1.8556,-1.7695,0.069824,1.056,1.0777,1.1029,1.1316,1.1649,1.2026,1.2458,1.2948,1.3508,1.4149,1.4884,1.5735,1.6695,3.0448
109.59,-12.249,3.1966,-6.2673,0.70741,11.584,-9.3056,17.979,1.8543,9.6805,5.9496,2.6497,-3.4028,1.0705,1.0937,1.1214,1.1529,1.1887,1.229,1.2747,1.3257,1.3833,1.4476,1.5195,1.6003,1.687,3.0448
112.15,-11.5,7.0564,-3.8507,-2.9757,5.9428,-10.475,16.493,-5.4735,7.5629,6.6383,5.2769,4.8651,1.06,1.0813,1.1062,1.1343,1.1663,1.2026,1.2433,1.2893,1.3414,1.4009,1.4696,1.5497,1.6436,3.0448
112.38,-11.28,5.9685,-6.0577,-3.5142,4.9264,-9.4065,19.565,-3.5181,12.164,1.2924,-1.1031,12.226,1.0583,1.0789,1.1025,1.1296,1.1608,1.1965,1.2365,1.2816,1.3327,1.3904,1.4557,1.5298,1.6134,3.0448
110.71,-9.6737,4.8104,-2.9852,-2.7624,5.4583,-9.6915,17.41,1.4904,10.101,2.3242,2.9124,-0.30586,1.0591,1.0799,1.1047,1.1328,1.1652,1.202,1.2436,1.2903,1.3432,1.4031,1.471,1.5475,1.6314,3.0448
110.26,-11.24,5.7968,-3.2205,-3.253,8.083,-9.135,17.798,-3.5494,4.4036,5.4015,6.0829,2.3336,1.0622,1.0842,1.1085,1.1367,1.1686,1.2043,1.2454,1.2917,1.3442,1.4044,1.4735,1.5542,1.6474,3.0448
112.45,-14.084,3.1138,-5.7626,0.12462,9.7713,-9.5867,17.199,0.21107,8.7357,3.4792,-1.8579,0.36216,1.0531,1.0728,1.0946,1.1201,1.1489,1.182,1.2188,1.2604,1.3071,1.3599,1.4198,1.4885,1.5683,3.0448
112.43,-10.84,2.4319,-4.021,-3.9976,10.302,-13.894,19.73,4.1939,7.591,4.3643,-4.6356,-0.35285,1.0644,1.0865,1.1122,1.1404,1.1724,1.208,1.2475,1.2917,1.3408,1.3959,1.4578,1.5264,1.5995,3.0448
110.03,-10.307,3.6638,-5.5942,2.251,8.6074,-8.6482,13.468,-3.9898,8.3492,5.7443,5.5722,2.5452,1.0649,1.0853,1.1098,1.1381,1.1705,1.2071,1.2486,1.2954,1.3483,1.4081,1.4759,1.553,1.6362,3.0448
112.25,-12.085,4.4857,-4.8649,1.057,5.545,-10.532,14.119,-0.15535,11.459,5.6448,2.2906,2.3217,1.0549,1.0743,1.0981,1.1245,1.1553,1.19,1.2293,1.2737,1.3239,1.381,1.4465,1.5223,1.6103,3.0448
112.02,-11.251,4.8354,-3.5973,-1.6921,7.3035,-10.736,15.758,-0.53686,11.118,4.2748,-0.67682,2.8279,1.0581,1.0793,1.105,1.1342,1.1682,1.2064,1.2499,1.299,1.3551,1.4198,1.4955,1.585,1.6903,2.7948
111.43,-12.14,4.1838,-4.5886,-3.1725,5.9455,-6.889,12.941,-3.0753,15.469,3.5456,2.6403,2.1855,1.0666,1.0901,1.1169,1.1479,1.1829,1.2226,1.2675,1.3183,1.3762,1.4419,1.5172,1.6019,1.6906,2.7948
109.6,-10.067,4.0478,-5.4467,-3.8634,11.401,-11.582,23.881,-0.9753,8.1892,2.6411,0.53407,-2.9279,1.0579,1.0795,1.1043,1.1329,1.1658,1.2029,1.2455,1.2939,1.3493,1.4132,1.4881,1.5769,1.6809,2.7948
109.34,-12.456,5.0208,-3.0162,0.042147,6.1938,-13.102,20.828,0.34689,4.9169,6.4106,-0.83997,4.155,1.0585,1.0793,1.1035,1.1311,1.1629,1.1993,1.2403,1.2864,1.3384,1.3972,1.4631,1.5371,1.6192,2.7948
112.65,-12.715,4.1868,-2.4352,-2.3852,3.5629,-11.727,15.922,4.7767,9.5324,-1.6868,-0.52533,3.7672,1.0652,1.0881,1.1142,1.1438,1.1765,1.2131,1.2541,1.2996,1.3498,1.4056,1.4679,1.5383,1.6174,2.7948
110.78,-11.545,1.8505,-4.2225,-0.38393,7.4362,-11.463,17.855,3.538,10.8,-0.16176,-0.72716,3.7007,1.0637,1.0859,1.1116,1.1405,1.1734,1.21,1.2512,1.2972,1.3492,1.4078,1.4743,1.5503,1.6348,2.7948
109.88,-10.569,5.3509,-5.6382,-1.7201,7.56,-8.2033,19.885,0.85461,13.992,7.3491,1.964,-9.1284,1.0651,1.089,1.1159,1.1472,1.1826,1.2227,1.2675,1.3179,1.374,1.4368,1.5074,1.5855,1.6656,2.7948
110.33,-11.313,6.0581,-5.1882,0.011691,6.6829,-11.67,13.115,-3.5421,10.451,7.0803,0.90609,-1.7431,1.0635,1.0845,1.1094,1.1387,1.1727,1.2115,1.2552,1.3046,1.3604,1.4241,1.4971,1.579,1.6681,2.7948
111.95,-11.387,4.0544,-5.7508,-1.3194,7.9498,-7.838,14.767,-1.0818,10.241,5.2177,1.489,2.4382,1.0743,1.0983,1.1255,1.156,1.1905,1.2292,1.2733,1.3227,1.3786,1.4419,1.513,1.5927,1.6796,2.7948
111.25,-10.862,2.5499,-4.2536,-2.2162,8.6438,-7.2828,20.051,3.1225,9.1298,1.6761,-0.59458,-4.0545,1.0611,1.0825,1.1081,1.1374,1.1711,1.2092,1.2525,1.301,1.3554,1.4168,1.4856,1.5608,1.6385,2.7948
110.55,-10.64,3.7451,-5.4017,0.085314,6.3128,-10.169,15.599,-3.6358,9.0243,4.1345,-0.7422,1.9337,1.0688,1.0922,1.1181,1.1478,1.1816,1.2194,1.2625,1.3107,1.365,1.426,1.4939,1.567,1.6401,2.7948
112.8,-12.472,2.3556,-6.0998,-1.6993,3.8521,-9.2793,13.9,3.1134,13.883,3.4527,0.51324,0.026701,1.0556,1.0759,1.0995,1.1271,1.1583,1.194,1.2343,1.2799,1.3317,1.3905,1.4577,1.5345,1.6206,2.7948
111.99,-10.76,1.3058,-4.5,-3.9823,7.2985,-10.725,22.046,-0.97624,12.367,1.7558,-0.637,1.8486,1.0584,1.0794,1.1039,1.1317,1.1634,1.1991,1.2391,1.2841,1.3341,1.3903,1.453,1.5228,1.5988,2.7948
111.79,-10.564,4.3137,-4.6897,0.3394,10.631,-10.535,14.517,-1.0063,9.7926,5.2842,7.4004,-0.0008357,1.0586,1.0797,1.1044,1.133,1.1658,1.2025,1.2442,1.2906,1.3422,1.3997,1.4641,1.537,1.6198,2.7948
112.39,-11.86,5.1872,-6.2272,-1.1186,4.038,-11.04,15.006,-4.3577,14.465,12.984,1.3666,-0.48845,1.0562,1.0756,1.0988,1.1247,1.1548,1.1886,1.2271,1.2702,1.3189,1.3739,1.4368,1.5099,1.5953,2.7948
110.57,-11.45,4.4379,-6.2942,-0.95165,7.9267,-8.899,18.444,-5.3835,7.9045,2.4499,1.7883,0.64005,1.0569,1.0777,1.1027,1.1311,1.1636,1.2002,1.2421,1.2893,1.3426,1.4034,1.4732,1.5538,1.6456,3.0646
111.93,-12.841,4.6359,-5.9911,-4.7945,4.1283,-7.8718,16.941,-2.081,13.211,7.4448,1.516,2.1531,1.0625,1.0846,1.1103,1.1402,1.1744,1.2136,1.2579,1.3083,1.3653,1.4305,1.505,1.5903,1.6846,3.0646
109.6,-11.143,2.3605,-5.9156,-4.5725,7.4968,-9.8596,25.495,3.5317,10.178,6.3748,4.4338,0.79135,1.0622,1.084,1.1087,1.1379,1.171,1.2085,1.2511,1.2993,1.3539,1.416,1.4867,1.5676,1.6585,3.0646
111.14,-10.901,4.6457,-6.3217,0.22045,9.1453,-11.627,22.666,1.1703,6.1585,2.8105,4.1736,1.7195,1.062,1.0842,1.1108,1.1411,1.1764,1.2162,1.2616,1.3134,1.372,1.4392,1.5156,1.6009,1.6895,3.0646
112.75,-13.001,4.2585,-2.9344,-1.0765,3.9721,-5.6238,11.422,-6.3868,9.7983,3.395,7.7471,5.8023,1.0596,1.0815,1.107,1.136,1.1684,1.2053,1.2464,1.2929,1.3453,1.4046,1.4726,1.5503,1.6352,3.0646
111.7,-10.61,2.1336,-3.9069,-2.4064,5.2081,-6.4142,21.866,-1.0211,9.3558,0.77254,-0.96464,1.2982,1.066,1.0892,1.115,1.1447,1.1778,1.2154,1.2572,1.304,1.3571,1.4176,1.4874,1.5685,1.6624,3.0646
110.63,-9.948,3.5803,-5.3393,0.4632,6.9118,-9.988,20.671,5.0568,9.7982,1.9763,2.8504,-2.6141,1.0694,1.0932,1.1202,1.1509,1.1845,1.2232,1.2664,1.3154,1.3704,1.4326,1.5021,1.5772,1.6559,3.0646
112.47,-11.251,3.6688,-5.5869,-3.1388,4.7454,-12.751,13.189,-1.6869,8.3702,4.0427,7.5195,3.632,1.0649,1.0868,1.1131,1.1427,1.1766,1.2149,1.2583,1.3069,1.3617,1.4229,1.4912,1.567,1.6496,3.0646
111.8,-11.871,1.6242,-6.8248,-5.0682,3.4522,-6.4809,19.008,0.18299,11.876,3.1496,1.7285,4.5101,1.0539,1.0739,1.0964,1.1226,1.1523,1.1863,1.2242,1.2667,1.3142,1.3677,1.4277,1.4945,1.5678,3.0646
109.64,-10.465,1.8609,-8.5427,-0.4874,7.6217,-4.1659,14.571,1.3938,13.632,6.9484,1.1219,-2.0506,1.0723,1.0965,1.1249,1.1563,1.1921,1.2319,1.2766,1.3265,1.3824,1.4447,1.5142,1.5902,1.667,3.0646
111.64,-9.5676,4.1377,-4.0817,0.0030006,8.4729,-10.37,13.975,-3.2118,5.3455,5.6612,1.1847,-2.3975,1.0713,1.0932,1.1187,1.1483,1.1822,1.2207,1.2645,1.3142,1.3706,1.4341,1.5063,1.5881,1.6727,3.0646
113.29,-12.37,4.5082,-6.7852,-3.5659,8.076,-8.0226,14.345,-1.9899,14.017,8.8752,2.0808,-3.451,1.062,1.0832,1.1084,1.1365,1.1682,1.2043,1.2443,1.2896,1.3408,1.3992,1.4659,1.5435,1.6342,3.0646
112.55,-12.809,3.6314,-6.6446,-3.0263,11.914,-7.4365,24.547,3.1762,12.424,4.7534,-2.9398,-3.6627,1.077,1.1011,1.1298,1.1611,1.198,1.2385,1.2852,1.3377,1.3966,1.4637,1.5402,1.626,1.7125,3.0646
110.6,-10.402,3.0107,-6.2017,3.0906,7.216,-9.0531,17.252,1.1594,9.2942,0.57131,6.5863,0.69356,1.0716,1.0952,1.1211,1.1512,1.1852,1.2234,1.2669,1.3158,1.3712,1.4341,1.5051,1.5855,1.6696,3.0646
111.24,-13.169,2.7388,-6.0566,-2.5574,6.3272,-6.0913,14.572,-1.7379,11.956,2.9989,9.5828,0.68063,1.0587,1.0794,1.1041,1.1328,1.1653,1.2029,1.2455,1.2941,1.3492,1.4119,1.4835,1.5649,1.655,3.0646
112.36,-10.621,4.0369,-4.5262,-2.5935,8.5946,-9.5861,18.508,-4.8628,10.194,9.0472,-2.4909,3.2585,1.0573,1.0784,1.102,1.1293,1.16,1.195,1.2335,1.2766,1.3247,1.379,1.4408,1.5114,1.5922,3.2044
112.08,-12.093,3.5958,-5.1259,-3.8809,7.3816,-4.1476,18.707,-1.0355,6.1404,6.1103,1.8806,4.0693,1.0698,1.0936,1.1187,1.149,1.1824,1.2205,1.2631,1.3112,1.3651,1.4254,1.4928,1.5678,1.6484,3.2044
110.49,-11.371,2.9763,-4.7585,-2.7168,15.429,-9.5346,22.702,2.1924,7.0683,4.9314,-3.3848,3.8925,1.056,1.0778,1.1023,1.1303,1.1615,1.1964,1.2363,1.2812,1.3318,1.3891,1.4547,1.5302,1.6179,3.2044
110.01,-11.372,6.1606,-2.1339,-1.4841,3.6724,-11.241,19.476,2.1422,6.0869,5.9453,-0.39523,7.6976,1.0543,1.0741,1.0973,1.1237,1.1541,1.1877,1.2261,1.2687,1.3169,1.3711,1.4325,1.5036,1.5864,3.2044
111.85,-13.581,4.7752,-3.9449,-1.7256,1.9335,-9.4903,16.397,-6.7713,12.876,2.6231,5.9718,9.0206,1.0555,1.0776,1.1029,1.1318,1.165,1.2022,1.2452,1.2936,1.349,1.4124,1.486,1.5725,1.6741,3.2044
109.95,-11.522,2.1268,-7.3048,-4.3004,6.9357,-9.3853,21.382,6.1819,15.762,3.196,0.70225,-1.5672,1.062,1.0833,1.1079,1.1363,1.1685,1.2056,1.2475,1.295,1.3485,1.4088,1.4773,1.5552,1.6417,3.2044
109.84,-12.436,3.8128,-2.7337,1.8934,8.7283,-8.7282,14.908,0.67669,9.924,-1.9801,-6.0373,-1.9047,1.07,1.094,1.1205,1.1507,1.1844,1.2223,1.2649,1.3126,1.3662,1.4271,1.496,1.5716,1.6499,3.2044
111.66,-12.209,4.0374,-3.0282,0.41805,5.2952,-11.387,16.404,1.0749,10.968,-0.63415,3.3574,3.6104,1.0673,1.0891,1.1151,1.1455,1.1804,1.22,1.2651,1.3161,1.3742,1.4405,1.5156,1.5994,1.6911,3.2044
112.16,-12.165,0.78477,-5.0813,-0.078342,10.153,-5.8561,20.075,2.8956,11.562,-2.3358,1.2455,0.97976,1.057,1.0777,1.102,1.1298,1.1618,1.1978,1.2387,1.2851,1.3375,1.397,1.4644,1.5416,1.6262,3.2044
110.17,-9.9254,2.9447,-3.2031,-0.49388,8.6329,-11.733,20.526,3.8031,12.857,-1.3443,-4.5111,-3.9246,1.0617,1.0841,1.1083,1.1378,1.1712,1.2094,1.2526,1.3018,1.3571,1.4197,1.4911,1.5726,1.6617,3.2044
111.05,-11.392,4.5915,-2.6328,1.2075,7.1502,-10.298,14.527,-3.8738,11.295,4.1789,0.0074717,1.5437,1.0621,1.0838,1.1085,1.137,1.17,1.2074,1.25,1.2981,1.3536,1.4172,1.4908,1.5755,1.6705,3.2044
111.72,-14.052,3.1076,-4.5031,0.42086,7.3496,-5.6116,16.706,-2.1981,13.126,3.4502,3.7343,0.82467,1.0619,1.0834,1.1078,1.1363,1.1679,1.2039,1.2437,1.2883,1.3386,1.3954,1.4602,1.534,1.6156,3.2044
111.17,-10.689,2.3061,-9.2111,0.8704,10.252,-13.217,24.626,6.4005,9.0201,-1.9754,-4.9058,-6.5727,1.066,1.0887,1.1149,1.1445,1.178,1.2155,1.258,1.3056,1.3592,1.4194,1.4874,1.5639,1.6472,3.2044
111.36,-11.899,2.3473,-4.4555,3.3703,8.1737,-13.304,14.162,2.5061,9.2101,5.5097,3.3943,0.19311,1.059,1.0797,1.104,1.1313,1.1628,1.1986,1.2391,1.2846,1.336,1.3944,1.4605,1.5355,1.6192,3.2044
112.53,-12.417,6.4789,-4.3425,-4.5492,7.3459,-7.7744,15.883,0.73294,10.555,3.6194,-0.1258,-5.3989,1.054,1.0749,1.0977,1.1249,1.1549,1.1905,1.2295,1.2743,1.3244,1.3819,1.4474,1.5221,1.6066,3.2044
111.75,-10.414,1.9222,-6.1184,0.48039,6.2361,-9.4602,21.152,2.8675,9.5684,2.0066,0.52454,3.6473,1.06,1.082,1.1074,1.1362,1.169,1.2056,1.2468,1.2929,1.3453,1.4048,1.4734,1.5533,1.6442,2.8085
110.32,-13.121,4.5894,-4.0203,-3.2138,3.723,-6.8996,21.178,2.7148,14.671,7.0306,4.6336,2.9067,1.0677,1.09,1.1167,1.1468,1.1813,1.22,1.2643,1.3141,1.3703,1.434,1.5068,1.5902,1.6779,2.8085
110.87,-10.705,2.269,-4.8242,-0.084718,9.4507,-6.8499,21.71,-1.2245,11.072,-4.8229,-1.1594,-4.7949,1.0584,1.0791,1.1033,1.1314,1.164,1.2015,1.2447,1.294,1.3505,1.4156,1.491,1.5788,1.6779,2.8085
110.93,-11.998,3.5701,-2.7548,0.66057,7.7979,-11.126,18.497,-0.89305,4.9279,0.38205,0.5454,3.5532,1.0576,1.0785,1.1031,1.1317,1.1643,1.202,1.2439,1.2914,1.3447,1.4051,1.4733,1.5507,1.636,2.8085
111.73,-13.355,4.9601,-5.7254,-1.6097,4.5424,-6.3433,21.365,0.8721,9.0908,4.4012,0.95536,-0.10627,1.0609,1.0828,1.1077,1.1363,1.1686,1.2053,1.2467,1.2936,1.3461,1.4058,1.4732,1.5485,1.6316,2.8085
112.37,-12.01,0.70963,-6.3574,-2.4078,9.3864,-6.4191,20.87,1.3317,12.053,1.1957,-2.1196,2.2751,1.0688,1.0922,1.1181,1.1481,1.1812,1.2191,1.2614,1.3095,1.3635,1.4243,1.4924,1.5677,1.6484,2.8085
111.86,-10.83,3.2098,-4.0183,0.044112,10.542,-10.785,18.462,2.56,9.9784,3.4332,0.28317,-5.7496,1.0666,1.0887,1.1155,1.1454,1.1798,1.218,1.2615,1.3101,1.3651,1.4277,1.4988,1.5782,1.6642,2.8085
111.86,-13.127,3.6481,-5.0739,0.84983,8.6973,-8.0172,15.797,-3.5622,9.8271,5.4358,-0.68863,2.1043,1.0634,1.086,1.1134,1.144,1.1794,1.2192,1.2643,1.3152,1.3725,1.4375,1.5107,1.5919,1.6801,2.8085
111.93,-13.082,3.7328,-5.8649,-0.76151,10.116,-4.8517,21.067,0.4377,8.372,1.7402,1.9001,3.2589,1.0565,1.0763,1.1001,1.1268,1.1579,1.1931,1.233,1.2776,1.3284,1.3856,1.4508,1.5254,1.6109,2.8085
111.41,-9.6952,2.5341,-7.1798,-0.66925,11.673,-8.118,16.387,0.63439,10.226,2.6433,1.8022,-2.4936,1.0632,1.0844,1.1103,1.1398,1.1736,1.2122,1.2554,1.3047,1.3605,1.4246,1.4974,1.5798,1.667,2.8085
110.77,-10.292,2.6235,-5.8148,0.27049,6.5445,-4.8247,16.084,-1.12,4.5267,1.1241,3.1106,-0.14992,1.0782,1.1027,1.1303,1.1616,1.1967,1.2365,1.2807,1.33,1.3843,1.4444,1.5098,1.5771,1.64,2.8085
111.15,-13.28,2.5269,-7.8401,-4.6524,2.7359,-1.791,18.61,1.4686,18.365,6.4886,5.1019,1.7234,1.0656,1.088,1.1134,1.1421,1.1747,1.2112,1.2517,1.2975,1.3488,1.407,1.4728,1.5469,1.6245,2.8085
111.33,-8.9477,0.69511,-7.8402,0.27418,6.9193,-10.707,21.269,0.53213,13.448,3.2696,-6.8726,2.3111,1.0596,1.0812,1.1064,1.1351,1.1683,1.2061,1.2483,1.2954,1.3473,1.4047,1.4679,1.5365,1.6091,2.8085
111.38,-10.376,3.3947,-6.3663,4.9583,10.37,-12.277,15.988,2.6268,5.9046,5.0653,5.4869,2.147,1.0623,1.0835,1.1088,1.1384,1.1725,1.2116,1.2562,1.307,1.365,1.4319,1.5098,1.5995,1.6955,2.8085
112.04,-12.265,2.4692,-6.0756,1.6576,6.9163,-4.9691,17.143,-0.0027801,16.086,0.59341,1.2581,-1.5408,1.0577,1.0801,1.1055,1.1347,1.1673,1.2045,1.2463,1.2935,1.3466,1.4065,1.4748,1.5537,1.6405,2.8085
111.07,-12.017,4.5832,-5.1625,-2.3844,5.9876,-8.9246,21.384,-1.0925,3.9201,3.3256,1.514,7.2437,1.0584,1.0803,1.1055,1.1345,1.1673,1.2041,1.2462,1.2935,1.3471,1.408,1.4776,1.5578,1.6516,3.1541
112.36,-13.262,3.8212,-5.0476,-3.5819,6.2043,-5.4802,17.209,0.67282,13.861,-0.28326,-0.13484,4.9225,1.0672,1.0898,1.1154,1.1455,1.1795,1.2185,1.2619,1.3108,1.3659,1.4282,1.4996,1.5807,1.6705,3.1541
111.71,-11.363,4.3744,-3.7482,-2.3486,5.4279,-16.03,19.957,3.5109,15.747,-2.9362,-7.7683,4.8829,1.0563,1.0777,1.1028,1.1315,1.1645,1.2013,1.2436,1.2913,1.3451,1.4057,1.4742,1.5525,1.6422,3.1541
111.33,-10.16,3.8816,-3.6632,1.1888,5.178,-11.562,17.379,4.5654,7.4555,0.72785,2.9923,4.6027,1.0568,1.0783,1.1032,1.1326,1.1656,1.2038,1.2463,1.2941,1.3483,1.4098,1.4801,1.5592,1.643,3.1541
110.63,-10.569,4.4588,-6.7525,0.058206,5.6958,-6.4967,19.58,-2.7532,7.4677,4.8676,2.2752,-0.87798,1.0872,1.1117,1.1396,1.1706,1.206,1.2454,1.2904,1.3406,1.3968,1.4597,1.5286,1.6009,1.6672,3.1541
111.73,-10.632,2.892,-5.1021,-1.395,8.1447,-9.7428,18.177,-0.33516,12.54,3.6656,-3.9864,0.84359,1.0638,1.0849,1.1099,1.1381,1.171,1.2081,1.2501,1.2973,1.3507,1.4115,1.481,1.5603,1.6483,3.1541
112.46,-10.45,3.2179,-5.0707,1.4289,7.6456,-13.083,20.536,2.0992,13.895,1.1648,-0.44083,-0.23338,1.0594,1.081,1.1063,1.136,1.1698,1.2086,1.2521,1.3013,1.3575,1.4215,1.4944,1.5774,1.6694,3.1541
111.13,-13.475,3.316,-4.2689,-1.6813,7.1686,-8.4229,15.565,-0.62286,10.595,6.2412,2.5552,1.1104,1.0683,1.0923,1.1191,1.1496,1.1837,1.222,1.2653,1.3137,1.3688,1.4311,1.502,1.5824,1.6683,3.1541
112.22,-12.244,2.7135,-6.7124,-4.4575,4.4136,-8.6696,18.061,3.4677,8.7441,7.5614,0.97873,3.5213,1.0607,1.0817,1.1052,1.1322,1.1625,1.1961,1.2338,1.2758,1.3229,1.3762,1.4366,1.505,1.5829,3.1541
110.62,-9.5702,1.8837,-5.9532,-1.1637,5.4905,-11.132,16.531,4.3674,11.64,3.8627,-0.42995,-1.1527,1.0759,1.1015,1.1296,1.1618,1.1965,1.2351,1.2776,1.3234,1.3724,1.4247,1.4807,1.5394,1.5978,3.1541
111.6,-9.7443,4.8736,-5.6132,1.0328,6.4905,-9.164,18.315,-0.63819,7.2392,3.3254,-3.1251,-2.3898,1.0651,1.0863,1.1114,1.1402,1.1735,1.211,1.2532,1.3003,1.3525,1.4108,1.4761,1.5494,1.6286,3.1541
113.25,-12.56,3.3178,-5.8307,-2.742,9.5457,-6.5493,19.728,1.7803,11.243,2.9009,-3.9539,-1.6577,1.0581,1.0786,1.1024,1.1296,1.1605,1.1964,1.2366,1.2825,1.3345,1.394,1.4622,1.5417,1.6353,3.1541
111.89,-10.04,4.0988,-5.9137,-1.3559,10.876,-15.664,21.824,-0.22063,14.129,2.8038,-6.2522,1.4614,1.0668,1.0896,1.1162,1.1462,1.1801,1.2188,1.2624,1.3122,1.369,1.4345,1.5099,1.5964,1.6945,3.1541
110.18,-11.353,4.5903,-5.1524,1.4469,7.4696,-12.671,21.656,4.3288,12.406,2.3735,0.39731,2.5555,1.0689,1.0943,1.1228,1.1551,1.1917,1.2323,1.2787,1.3305,1.3888,1.4545,1.5275,1.6066,1.687,3.1541
110.25,-13.739,3.5489,-1.6235,1.6639,4.0925,-8.4992,14.676,-2.4976,9.8906,4.3321,3.3658,5.7883,1.0596,1.0815,1.1065,1.1349,1.1673,1.2035,1.2448,1.291,1.3431,1.4018,1.4684,1.5435,1.6285,3.1541
111.96,-11.322,2.7075,-7.4932,1.7022,7.5423,-10.126,21.642,0.95329,10.074,6.7845,1.3573,4.4107,1.0622,1.0837,1.1096,1.1387,1.1719,1.2098,1.2525,1.3011,1.356,1.4185,1.4896,1.5688,1.6521,2.803
112.14,-13.514,3.8527,-6.1087,0.83766,9.9702,-6.0898,20.388,2.5398,11.34,2.739,-2.3285,-2.7003,1.067,1.0909,1.1168,1.1473,1.1811,1.2198,1.263,1.3119,1.3674,1.4302,1.5005,1.5786,1.6624,2.803
112.66,-10.382,2.9005,-4.2763,-2.2794,11.857,-10.248,17.599,1.2153,11.859,-0.37071,0.37532,-2.2337,1.0625,1.084,1.1094,1.1383,1.1718,1.2096,1.2522,1.3003,1.3549,1.4172,1.4889,1.5725,1.6682,2.803
111.4,-11.131,5.5725,-2.9509,-2.3234,5.0064,-8.6419,15.42,2.5656,11.162,2.3,-0.80796,6.5811,1.0726,1.0966,1.1238,1.1547,1.1894,1.2277,1.2698,1.3156,1.3656,1.42,1.4786,1.5412,1.6049,2.803
111.24,-13.925,5.5753,-2.9437,-2.7433,5.4911,-11.386,15.105,-0.58187,14.875,5.1013,-4.8725,0.83304,1.0623,1.0826,1.1057,1.1333,1.1649,1.201,1.2414,1.2869,1.338,1.396,1.462,1.5383,1.6273,2.803
111.99,-10.274,1.8913,-8.3878,-4.6044,11.832,-11.74,16.106,-1.3711,8.9404,6.2721,-5.5026,2.6871,1.0554,1.0755,1.0981,1.1247,1.1545,1.189,1.2271,1.2705,1.3194,1.375,1.4382,1.5103,1.5931,2.803
111.07,-11.723,3.3084,-6.4027,-1.8048,12.851,-10.087,15.091,-1.5132,10.879,5.7209,2.7525,-2.3014,1.0604,1.0826,1.1084,1.1378,1.171,1.2084,1.2511,1.2992,1.3539,1.4163,1.4881,1.5708,1.6654,2.803
111.58,-11.657,2.7107,-5.4271,-1.201,7.1594,-5.809,15.056,0.36783,14.08,5.5169,4.0948,2.2944,1.0781,1.1022,1.13,1.1613,1.1967,1.2367,1.2812,1.3309,1.3867,1.4494,1.519,1.5946,1.6715,2.803
113.24,-10.077,1.8552,-7.732,0.023709,8.8235,-8.3506,16.355,0.25488,7.7381,3.0617,2.9397,4.4083,1.0613,1.08,1.1026,1.1276,1.1572,1.1907,1.2288,1.2711,1.3191,1.3725,1.4323,1.4994,1.5741,2.803
110.33,-8.804,2.3954,-6.8972,1.2874,9.3053,-7.8585,15.305,1.1434,7.2207,4.9522,2.7933,-2.1598,1.0912,1.118,1.1481,1.1816,1.2183,1.259,1.3039,1.3523,1.4041,1.459,1.5142,1.5667,1.6139,2.803
111.2,-10.821,4.7088,-6.6336,0.54379,6.8448,-6.4665,16.824,-4.4586,8.6773,0.96068,4.8467,1.9604,1.0641,1.0876,1.1153,1.1475,1.1842,1.226,1.2738,1.3284,1.3911,1.4636,1.5472,1.644,1.7441,2.803
112.45,-12.693,3.4485,-4.2389,0.3549,3.9289,-8.1319,16.372,-3.8402,10.831,1.5232,5.2894,4.3483,1.059,1.0807,1.1061,1.1355,1.1692,1.2079,1.2514,1.3013,1.3579,1.4229,1.4978,1.5846,1.683,2.803
111.89,-9.3673,2.6913,-6.2024,-2.6841,6.8678,-12.068,21.288,-2.5928,12.493,0.75218,-4.3818,1.4033,1.0648,1.0864,1.1111,1.139,1.1704,1.2054,1.2441,1.288,1.3369,1.3923,1.4549,1.5261,1.6071,2.803
109.7,-11.704,2.7808,-6.3981,-0.65701,9.4048,-7.4622,20.588,2.7109,7.3717,7.0138,-3.5741,3.6141,1.0718,1.0924,1.1167,1.1446,1.177,1.2139,1.2555,1.3019,1.3538,1.4114,1.4748,1.5447,1.6196,2.803
112.23,-12.506,2.0889,-3.9635,-1.7242,5.2537,-3.9441,16.025,3.607,16.094,4.5338,-6.6389,-2.0015,1.0572,1.0767,1.1008,1.1275,1.1584,1.1932,1.2326,1.2767,1.3266,1.3834,1.4481,1.5232,1.6114,2.803
111.47,-10.869,3.1662,-7.1008,-1.1436,9.8094,-7.2292,16.464,0.056861,13.635,6.2694,2.7211,2.3255,1.0721,1.0955,1.1228,1.1535,1.188,1.2266,1.2695,1.3178,1.371,1.4308,1.4973,1.5715,1.6504,3.6117
113.22,-11.741,3.1885,-4.5253,-2.7194,3.9729,-6.9338,18.748,1.2598,14.744,2.8595,-4.4388,-0.029735,1.0628,1.0844,1.1106,1.1401,1.1744,1.2138,1.2586,1.3098,1.368,1.434,1.5081,1.5913,1.6814,3.6117
111.46,-9.9391,3.8325,-4.582,0.29423,10.729,-12.008,20.344,-1.4636,5.5849,-3.599,-1.0482,-2.3678,1.0616,1.0841,1.1101,1.1395,1.1727,1.2105,1.2527,1.3005,1.3547,1.4168,1.4886,1.5729,1.669,3.6117
111.09,-11.758,5.5101,-5.9221,0.1588,5.1776,-9.0903,18.259,1.8516,8.4948,0.38508,3.637,1.838,1.0654,1.0892,1.1179,1.15,1.1871,1.2287,1.2764,1.3302,1.3918,1.4613,1.5388,1.6237,1.7092,3.6117
113.88,-14.751,3.7337,-4.6722,-0.72565,4.9293,-8.3328,14.61,2.6253,12.804,4.585,1.2345,7.5969,1.0686,1.0889,1.1126,1.1406,1.1733,1.2104,1.2527,1.3011,1.3553,1.4163,1.4843,1.5608,1.6462,3.6117
115.36,-13.271,3.276,-5.323,-3.5078,3.6021,-9.6557,19.301,-1.2857,12.105,0.42056,-4.6028,10.769,1.061,1.0845,1.1109,1.1416,1.1761,1.2152,1.2596,1.31,1.3676,1.4339,1.5112,1.6028,1.7089,3.6117
114.25,-12.792,3.3153,-4.6018,-2.2856,7.9082,-6.8467,22.304,1.5217,13.599,6.1725,1.1781,-0.85905,1.065,1.0883,1.1153,1.1464,1.1811,1.2205,1.2648,1.3154,1.3725,1.4377,1.5133,1.6012,1.7044,3.6117
114.5,-12.05,1.9203,-6.6691,-0.8448,10.546,-11.677,17.715,-2.7736,9.5879,6.8154,0.93353,4.8275,1.0603,1.0823,1.1055,1.1336,1.165,1.2016,1.242,1.2881,1.3403,1.4005,1.4705,1.5529,1.6502,3.6117
114.69,-11.222,2.6131,-4.2215,-4.9121,9.1493,-10.334,17.702,-0.26607,6.3043,4.8767,0.18827,3.4256,1.0564,1.0759,1.0986,1.1244,1.154,1.1871,1.2251,1.2677,1.3161,1.3711,1.4345,1.5085,1.5973,3.6117
117.49,-14.066,3.6556,-5.659,-3.5952,11.695,-14.416,15.893,6.8821,15.131,-2.2579,5.6625,-3.1848,1.0604,1.0827,1.109,1.1389,1.1734,1.2127,1.2576,1.3091,1.3682,1.4371,1.5189,1.6181,1.7401,3.6117
113.79,-13.901,3.5721,-6.0865,-0.19899,6.9932,-13.096,17.261,3.42,12.999,-0.58624,4.4608,2.22,1.0701,1.0955,1.1231,1.1548,1.1901,1.2299,1.2746,1.3253,1.3827,1.4485,1.5244,1.6132,1.715,3.6117
113.43,-14.199,3.8863,-6.1268,-4.5845,7.0408,-8.9389,16.087,-1.168,14.754,4.2565,2.1726,2.0923,1.0595,1.0801,1.105,1.1333,1.1664,1.2038,1.2468,1.2954,1.351,1.415,1.4888,1.5749,1.6741,3.6117
114.04,-13.26,5.8117,-5.4508,-7.8531,8.2309,-11.034,19.168,2.3081,10.179,-1.6687,1.3523,1.0348,1.0601,1.0817,1.1067,1.1354,1.1682,1.2058,1.2477,1.2947,1.3479,1.4085,1.4776,1.5567,1.6473,3.6117
113.84,-14.384,7.9282,-0.62975,-4.2563,8.3439,-10.609,19.472,3.2078,6.5682,1.4487,1.7977,5.4339,1.059,1.0819,1.1079,1.1382,1.1726,1.2119,1.2563,1.3063,1.3637,1.4293,1.505,1.5919,1.6888,3.6117
114.1,-13.636,4.3116,-2.3415,-3.3901,5.0619,-8.9666,18.75,0.65593,15.391,1.3959,-0.96221,-1.4974,1.0714,1.0935,1.1195,1.1489,1.1831,1.2215,1.2656,1.3151,1.3716,1.4364,1.5097,1.5927,1.6823,3.6117
111.51,-12.782,5.6532,-5.7324,-0.7952,6.7275,-15.031,20.799,-0.21441,8.3798,-0.17108,-1.4683,6.8003,1.0602,1.0803,1.1054,1.1333,1.1661,1.2025,1.2444,1.2916,1.3452,1.4064,1.477,1.5584,1.6517,3.219
112.99,-12.811,5.8891,-5.6616,-1.8497,4.2702,-8.8157,16.143,-4.6472,12.865,5.1119,1.4167,3.0855,1.0622,1.0858,1.1128,1.1435,1.1785,1.2177,1.2626,1.3133,1.3714,1.4382,1.5157,1.6068,1.7126,3.219
112.39,-11.269,3.9618,-6.2808,-2.3691,8.7446,-14.843,23.731,-1.3895,11.04,3.1106,-0.042551,0.39184,1.0636,1.0844,1.1093,1.1372,1.1698,1.2062,1.2478,1.2944,1.3478,1.408,1.4766,1.5539,1.6412,3.219
110.03,-11.2,6.2657,-1.899,1.3655,7.4117,-12.863,18.135,-0.33981,10.865,7.01,2.7629,0.18982,1.0692,1.0929,1.12,1.1505,1.1846,1.2232,1.2659,1.3137,1.3677,1.4279,1.4956,1.5717,1.6565,3.219
113.69,-11.43,3.9955,-4.175,-0.13375,7.7096,-9.121,15.08,-0.83221,7.6508,1.5073,-2.0833,-3.4951,1.0634,1.0844,1.1086,1.1369,1.1686,1.2048,1.2456,1.2916,1.3434,1.4016,1.4676,1.5428,1.6272,3.219
112.17,-10.126,3.9328,-6.3257,-2.1034,11.573,-11.283,19.364,-5.1003,3.021,5.7545,1.4988,1.1161,1.0574,1.0781,1.1029,1.1305,1.1621,1.1973,1.2371,1.2819,1.3326,1.3904,1.4574,1.536,1.6288,3.219
110.04,-10.257,4.0819,-3.2318,-2.7248,9.6495,-1.6057,17.874,-3.5828,11.858,6.2902,3.9708,-8.0913,1.0693,1.0912,1.1183,1.1484,1.1841,1.2238,1.2694,1.3204,1.3782,1.4431,1.5159,1.5967,1.6817,3.219
110.36,-11.539,5.295,-4.6877,-1.227,3.7618,-4.775,12.14,-8.0452,12.674,1.806,0.49189,-0.37119,1.0739,1.0976,1.1253,1.1562,1.192,1.2318,1.2771,1.3282,1.3859,1.4513,1.5257,1.61,1.6989,3.219
111.12,-9.7776,4.4885,-8.3981,-4.2051,4.0864,-5.7112,15.454,-7.7256,11.329,6.4428,1.4133,2.5364,1.0681,1.0928,1.1201,1.1506,1.1843,1.2226,1.2659,1.3152,1.3711,1.4348,1.5084,1.5931,1.6847,3.219
109.81,-9.4401,4.6385,-6.856,-5.5209,6.7602,-6.9125,17.861,-0.90046,10.098,4.8894,5.8451,-3.0097,1.0695,1.0922,1.1188,1.1492,1.1835,1.222,1.2645,1.3121,1.3645,1.422,1.4853,1.554,1.6269,3.219
111.37,-9.7301,4.4661,-5.8677,-0.47057,9.8979,-7.4221,11.878,-0.030527,8.3937,3.9171,0.62937,3.5665,1.0708,1.0934,1.1174,1.1463,1.1781,1.2138,1.2545,1.2995,1.35,1.4065,1.4706,1.5434,1.6236,3.219
111.74,-10.626,4.5376,-6.3463,-2.4013,9.5921,-6.6571,17.526,-1.0392,8.6764,0.45282,-2.8626,-0.15871,1.0539,1.0728,1.0957,1.1219,1.1522,1.1871,1.2263,1.2704,1.32,1.3757,1.4388,1.5113,1.5948,3.219
111.42,-9.1202,5.4859,-5.4362,-4.0278,9.1079,-10.45,19.842,-4.1081,9.2439,5.729,-7.2383,1.8279,1.0587,1.0809,1.1064,1.1355,1.1687,1.2057,1.2481,1.2955,1.3498,1.4112,1.4819,1.5643,1.6616,3.219
110.05,-11.336,5.1948,-3.0039,-0.36231,9.3926,-9.727,19.932,-2.3449,6.595,6.516,0.98955,6.1378,1.0755,1.0996,1.1272,1.1589,1.1947,1.2352,1.2806,1.3313,1.388,1.4517,1.5236,1.602,1.6775,3.219
111.32,-12.127,3.0605,-3.838,1.195,5.4805,-8.7286,13.356,-3.5561,10.426,-0.80924,1.1218,5.339,1.0569,1.0791,1.1045,1.1334,1.1655,1.2016,1.2423,1.2879,1.339,1.3969,1.4628,1.5391,1.628,3.219
111.85,-9.7092,3.3992,-5.7912,-1.5962,8.7204,-8.9561,11.418,-0.82213,9.19,3.1823,9.3061,-3.0928,1.0662,1.0894,1.1151,1.1452,1.1794,1.2176,1.2608,1.3088,1.3632,1.4236,1.4912,1.5666,1.6477,3.1383
111.31,-11.701,4.9688,-5.459,-0.047719,10.092,-6.5699,15.089,-0.74735,10.373,2.3407,-1.1608,-5.3855,1.0622,1.0842,1.1102,1.1401,1.1747,1.2138,1.258,1.3081,1.3647,1.4286,1.5004,1.5805,1.6646,3.1383
109.23,-9.0084,3.9833,-5.3061,-1.8829,11.456,-5.3751,19.517,0.20014,3.6367,1.8916,8.6059,-9.6445,1.0774,1.1017,1.1294,1.1605,1.196,1.2359,1.2812,1.332,1.3886,1.4503,1.5167,1.5837,1.6456,3.1383
110.39,-10.375,6.4793,-4.5836,-1.2905,7.4262,-11.14,20.373,1.0418,6.4019,5.5326,3.6916,-1.8107,1.0591,1.0818,1.1077,1.138,1.1724,1.211,1.255,1.3045,1.3597,1.4205,1.4874,1.5598,1.6357,3.1383
110.66,-11.429,7.0786,-6.0021,-2.6782,5.3614,-8.7655,14.691,-7.3016,13.01,10.03,-2.8796,0.19605,1.0663,1.0888,1.1134,1.1418,1.1733,1.2094,1.2491,1.2939,1.3439,1.4007,1.4655,1.5407,1.6272,3.1383
111.4,-10.47,4.0864,-7.1406,-7.0291,7.3347,-9.1247,19.671,-4.7588,6.9901,6.6813,1.1426,-1.1283,1.0581,1.078,1.1019,1.1285,1.1596,1.1943,1.2338,1.2783,1.3289,1.387,1.4543,1.5332,1.6252,3.1383
110.17,-11.532,2.3242,-5.9608,-1.859,11.222,-3.3239,21.686,-4.4591,11.096,3.5134,-0.74595,0.4957,1.058,1.0786,1.1036,1.1315,1.1639,1.2006,1.2423,1.2898,1.3438,1.4061,1.4785,1.5639,1.6635,3.1383
111.15,-10.845,6.4498,-8.2994,-3.2837,10.533,-4.1683,12.904,-6.9956,10.021,11.845,2.222,-5.8692,1.0681,1.0899,1.1152,1.1444,1.1776,1.2153,1.2575,1.3051,1.3587,1.4197,1.4889,1.5672,1.6509,3.1383
111.22,-11.27,7.8646,-5.9303,-6.3581,9.6437,-3.8856,18.629,-7.2494,8.5033,8.8314,2.6796,-1.3363,1.0571,1.0783,1.1025,1.1302,1.1614,1.1968,1.2364,1.281,1.3316,1.3892,1.4553,1.5319,1.62,3.1383
109.06,-10.517,7.4113,-4.5166,-5.3336,11.166,-6.5401,20.907,-1.8867,5.6062,7.9877,2.3758,-9.3404,1.0704,1.0931,1.1203,1.1505,1.1859,1.2253,1.2704,1.3211,1.3785,1.4431,1.5159,1.5958,1.6789,3.1383
109.61,-10.505,5.3394,-6.3303,2.3155,6.2032,-8.4842,15.752,-1.6446,6.9662,-0.57491,5.4634,-0.86805,1.0736,1.0974,1.1252,1.1563,1.1919,1.2328,1.2789,1.331,1.3898,1.4557,1.53,1.6119,1.6921,3.1383
112.31,-11.473,4.2277,-4.5592,-3.5416,1.8469,-8.1909,18.431,-0.78794,9.9045,2.2745,3.2139,4.7962,1.0585,1.0799,1.104,1.1319,1.1639,1.2001,1.241,1.2871,1.3396,1.3996,1.4689,1.5495,1.6431,3.1383
109.73,-11.902,6.4884,-3.1021,-3.2716,8.759,-8.6956,21.76,2.5274,4.3531,-1.3438,-6.061,-2.6562,1.0609,1.0821,1.1068,1.1351,1.1675,1.2042,1.2464,1.2944,1.3489,1.4111,1.4826,1.5661,1.6619,3.1383
110.07,-11.614,6.6559,-5.9535,-1.7844,6.8514,-10.348,23.093,2.8297,9.6588,1.5994,-3.0286,-0.51951,1.0802,1.1029,1.1306,1.1606,1.1957,1.2348,1.2792,1.329,1.3847,1.4469,1.5154,1.5891,1.6603,3.1383
111.98,-11.616,3.9998,-3.4731,-1.4992,4.315,-8.0151,10.753,-1.079,12.997,7.0216,2.7485,-2.4612,1.0653,1.0876,1.1125,1.1407,1.1721,1.208,1.2479,1.293,1.3431,1.4,1.4643,1.5373,1.6195,3.1383
111,-11.212,6.2866,-6.6887,-0.99244,12.672,-12.609,16.083,-4.759,10.068,7.3671,1.2726,0.96499,1.0571,1.0777,1.1009,1.1276,1.1579,1.1918,1.23,1.2729,1.321,1.3752,1.437,1.5078,1.5903,3.0058
113.73,-11.45,5.6992,-7.2228,-6.8692,5.3674,-5.2641,17.91,-1.7515,14.163,8.0886,0.46678,-1.8071,1.0631,1.0839,1.1088,1.1373,1.1699,1.2074,1.2495,1.2977,1.3523,1.4145,1.485,1.5647,1.6529,3.0058
110.95,-11.19,5.2217,-2.9366,-1.8687,10.624,-7.5152,19.815,-6.5722,5.9779,4.4804,0.22503,4.2499,1.0572,1.0788,1.1037,1.1323,1.165,1.2016,1.2436,1.2909,1.3448,1.4064,1.4772,1.5595,1.6561,3.0058
110.97,-11.603,4.9423,-3.8827,-4.3774,6.97,-5.9963,18.245,0.52104,7.4469,3.7523,2.4757,1.0436,1.0593,1.0808,1.1044,1.1319,1.1628,1.1981,1.2373,1.2815,1.3311,1.3872,1.4511,1.5244,1.6069,3.0058
112.69,-13.405,4.3332,-3.6108,-1.7016,4.4244,-8.9044,13.523,-0.30415,11.875,8.4057,4.2349,0.47679,1.0611,1.0825,1.1078,1.1369,1.1704,1.2085,1.2516,1.3003,1.3562,1.42,1.4934,1.5784,1.6737,3.0058
110.16,-11.236,2.8199,-6.285,-3.7576,7.145,-5.5402,21.226,0.70542,6.8098,4.5817,5.135,4.7242,1.0677,1.0927,1.1199,1.1516,1.1864,1.2259,1.2696,1.3183,1.3725,1.4327,1.4996,1.5726,1.6496,3.0058
110.21,-9.3964,2.9992,-3.2815,-0.83621,4.1108,-5.0842,20.728,2.6723,11.744,1.4724,3.6871,-6.721,1.0762,1.1019,1.1311,1.1641,1.2014,1.2434,1.2909,1.3443,1.4032,1.4675,1.5374,1.6079,1.6718,3.0058
111.63,-11.509,5.1354,-4.4283,0.98915,6.7552,-8.8081,14.384,-5.6893,10.338,4.9041,2.3186,-1.398,1.0705,1.0934,1.1207,1.1524,1.1893,1.2311,1.2786,1.3319,1.3931,1.4616,1.5375,1.6194,1.7028,3.0058
112.2,-11.156,3.3739,-6.7425,-2.4355,11.237,-5.2696,20.232,-4.9086,6.2026,-0.24503,4.1152,4.0335,1.0592,1.0805,1.106,1.1347,1.1673,1.2046,1.2467,1.295,1.3499,1.4134,1.4875,1.5759,1.6837,3.0058
110.91,-10.495,3.5007,-5.5012,-1.9719,10.783,-8.8011,20.96,-1.0998,7.2882,6.0941,8.3875,-1.3053,1.0712,1.094,1.1203,1.1499,1.184,1.2222,1.2655,1.3139,1.3678,1.4274,1.4938,1.5661,1.6429,3.0058
110.19,-11.463,4.2539,-5.6491,-2.8535,7.7356,-9.5232,18.118,-1.3812,7.3528,-2.3411,6.3967,0.90163,1.059,1.0807,1.1057,1.1354,1.1687,1.2071,1.2509,1.3011,1.3577,1.4228,1.4972,1.5829,1.6789,3.0058
111.4,-12.873,5.203,-4.463,-5.3192,3.7462,-9.2946,18.523,-0.70571,10.817,3.2828,4.7144,8.3787,1.062,1.0817,1.1063,1.1333,1.1649,1.2001,1.2404,1.2856,1.3373,1.3962,1.4644,1.5446,1.6394,3.0058
109.78,-11.465,4.0386,-6.8018,-5.4571,7.4115,-9.3979,27.082,2.2572,9.7084,2.823,-1.5885,1.3841,1.0609,1.0829,1.1077,1.1359,1.1677,1.2039,1.2445,1.2907,1.3426,1.4016,1.4684,1.5449,1.633,3.0058
110.18,-11.03,5.8592,-1.1754,-2.7602,5.5779,-7.1256,22.737,-0.42794,4.0292,3.2515,7.9194,2.6019,1.0718,1.0955,1.1236,1.1557,1.1927,1.2341,1.2809,1.3336,1.393,1.4601,1.5359,1.6199,1.7053,3.0058
111.35,-11.84,4.3758,-3.4444,-0.9161,2.5066,-5.5684,18.703,0.39534,10.742,1.0229,1.3799,-5.3166,1.0547,1.0747,1.0974,1.1239,1.1541,1.1881,1.2276,1.272,1.3222,1.3786,1.4425,1.5142,1.5934,3.0058
109.87,-12.296,6.8383,-6.9676,-5.1714,10.077,-7.3017,19.967,-6.5896,7.4287,8.2808,0.051209,-0.67999,1.0684,1.0916,1.1186,1.148,1.1816,1.2188,1.2617,1.3096,1.3642,1.4258,1.4951,1.5731,1.6574,2.9455
110.88,-13.114,4.7737,-6.868,-3.3189,9.9362,-6.8646,14.058,-1.9723,17.839,4.1335,3.4454,2.1781,1.0596,1.0813,1.1078,1.1373,1.1716,1.2098,1.2534,1.3026,1.3586,1.4222,1.4956,1.5805,1.6787,2.9455
111.24,-10.334,3.2447,-7.2566,-8.356,13.52,-7.7398,20.351,-0.38666,13.433,3.2688,3.2624,-3.7965,1.0588,1.0807,1.1059,1.1347,1.1675,1.2051,1.2479,1.2967,1.3524,1.4167,1.491,1.5786,1.6824,2.9455
111.77,-10.977,6.7762,-3.5658,-3.277,8.4735,-8.6314,17.399,-2.4874,6.737,6.4467,5.4913,-1.8286,1.0611,1.0822,1.1067,1.1352,1.1678,1.2049,1.2465,1.293,1.345,1.4037,1.4698,1.5438,1.6242,2.9455
113.28,-12.337,7.1909,-4.8401,-1.7135,7.3224,-9.4162,14.021,0.91876,11.332,1.0325,-2.9875,-1.894,1.0605,1.0822,1.1077,1.1363,1.1691,1.2058,1.2475,1.2944,1.3479,1.4085,1.4779,1.5573,1.6466,2.9455
113.56,-12.354,3.5096,-6.9382,-3.7455,8.3239,-6.7702,23.168,2.513,8.9245,0.27794,-1.0247,3.368,1.0589,1.079,1.1039,1.1318,1.1644,1.2011,1.2425,1.2892,1.3424,1.4037,1.4745,1.557,1.6525,2.9455
113.31,-11.746,4.0745,-5.2143,0.69625,10.826,-11.662,18.149,-0.65711,8.0698,2.3465,5.2302,5.705,1.0542,1.0759,1.1004,1.129,1.161,1.1975,1.2387,1.2852,1.3378,1.3981,1.4677,1.55,1.6483,2.9455
111.61,-12.131,5.3367,-5.7895,-2.6791,5.0463,-8.9452,20.325,-2.558,6.7076,2.0045,-1.0579,4.3093,1.059,1.08,1.1053,1.1333,1.1658,1.202,1.243,1.2896,1.3426,1.4031,1.4731,1.5546,1.6483,2.9455
110.74,-13.236,2.4816,-6.8436,-2.7005,9.3406,-10.326,22.109,5.7162,9.3963,2.9353,-0.22519,-0.07203,1.0596,1.0812,1.1059,1.1336,1.1645,1.1995,1.2383,1.2816,1.3306,1.3856,1.448,1.5193,1.601,2.9455
111.49,-11.65,3.4559,-5.0511,-1.2777,8.1803,-12.427,19.422,4.3766,4.5563,4.2916,2.2195,1.2143,1.0707,1.0952,1.1232,1.155,1.1903,1.2296,1.273,1.3211,1.3752,1.4359,1.5054,1.5857,1.6759,2.9455
111.44,-10.115,6.5102,-5.61,-1.8494,7.6897,-9.4667,16.242,-4.7241,6.0645,8.24,4.1533,-5.1818,1.0635,1.0858,1.1109,1.1403,1.174,1.2119,1.2551,1.3036,1.3586,1.4211,1.4924,1.574,1.6647,2.9455
112.24,-12.187,3.9315,-7.0676,-1.3361,10.15,-6.2285,16.537,-0.11566,11.558,1.0889,1.3364,-0.83256,1.0604,1.083,1.1086,1.138,1.1707,1.208,1.2495,1.2968,1.3502,1.4113,1.4822,1.5658,1.6633,2.9455
110.5,-10.861,5.4341,-5.6161,-4.7992,5.1561,-4.8741,23.482,2.0923,16.094,3.9241,-10.77,-4.6061,1.0608,1.083,1.1086,1.1373,1.1699,1.2058,1.2469,1.2932,1.3459,1.4057,1.4741,1.5529,1.6431,2.9455
109.55,-12.332,6.3098,0.94743,-1.0051,7.6438,-9.353,18.323,-3.813,5.4528,4.6698,2.9516,6.006,1.0679,1.0916,1.1181,1.1489,1.1845,1.2243,1.2702,1.3217,1.3802,1.447,1.5233,1.6075,1.6937,2.9455
111.5,-13.618,4.4317,-4.6054,-2.0978,5.9744,-6.9575,13.4,0.76112,10.812,0.034226,1.3438,5.2283,1.0626,1.0837,1.1079,1.136,1.1681,1.2048,1.2459,1.2923,1.3448,1.4051,1.4745,1.5547,1.6476,2.9455
110.47,-10.624,5.8156,-6.6751,-1.6752,10.096,-10.008,16.986,-0.20639,2.9598,12.627,3.9272,-8.9734,1.0581,1.0787,1.1016,1.128,1.1579,1.1923,1.2309,1.2748,1.3242,1.3803,1.4441,1.5169,1.5997,2.7656
111.09,-13.216,2.959,-7.6049,-0.95213,13.144,-3.915,19.496,5.0652,12.174,6.1551,6.2166,-4.8602,1.0805,1.1061,1.1348,1.1672,1.2034,1.2435,1.2884,1.3381,1.3935,1.4563,1.5274,1.606,1.6857,2.7656
111.28,-10.613,2.2207,-5.7728,-2.1225,13.678,-7.9081,23.453,0.78856,11.536,4.1948,-2.4613,-5.4197,1.0585,1.0792,1.1028,1.1302,1.1615,1.1967,1.2367,1.2818,1.3329,1.3909,1.4574,1.5345,1.6247,2.7656
110.99,-11.722,4.687,-0.51828,-0.55675,8.2881,-7.3493,14.569,-4.308,5.2349,3.8369,8.9826,2.4418,1.0647,1.0887,1.1157,1.1465,1.1812,1.2207,1.2647,1.3148,1.3714,1.4366,1.5123,1.6007,1.7,2.7656
112.86,-12.491,3.8436,-4.628,-2.7365,6.0374,-8.4122,16.72,-0.23816,13.506,-1.2621,-0.58152,3.2021,1.0664,1.0877,1.1128,1.1421,1.1757,1.214,1.257,1.3056,1.3601,1.4215,1.4903,1.5666,1.6497,2.7656
109.83,-12.629,0.77955,-5.8979,-3.5246,11.795,-7.1251,20.668,3.7728,9.4131,-0.30285,-4.25,2.0696,1.0672,1.0883,1.1131,1.141,1.1731,1.2087,1.2497,1.2954,1.3471,1.4058,1.473,1.5501,1.6372,2.7656
109.72,-12.114,4.4869,-5.0575,-0.16543,8.143,-8.8951,26.372,-1.6151,9.1639,4.7492,-5.7847,-2.9186,1.055,1.0757,1.1001,1.1281,1.1603,1.1969,1.2381,1.2849,1.3378,1.3985,1.4688,1.5511,1.6472,2.7656
112.17,-11.792,4.2924,-5.8475,-0.83211,10.447,-7.2568,15.957,-3.8377,10.727,6.8835,-3.8116,1.3804,1.0563,1.0767,1.1003,1.1279,1.1594,1.1954,1.2359,1.2815,1.3325,1.3894,1.454,1.5279,1.6136,2.7656
111.57,-12.751,2.7924,-8.2495,-2.5872,14.662,-5.27,19.4,5.6486,11.907,5.2145,0.66056,4.7366,1.0584,1.0791,1.1033,1.1307,1.1623,1.1975,1.2375,1.2822,1.3328,1.3901,1.4548,1.5289,1.6135,2.7656
110.27,-10.901,4.1194,-4.2846,-1.2676,11.443,-8.9928,23.576,4.3744,4.4035,3.4184,-2.6843,-9.5676,1.058,1.0769,1.1001,1.1259,1.1559,1.1896,1.2276,1.2701,1.3179,1.3716,1.4315,1.4987,1.5733,2.7656
109.77,-11.446,5.9889,-2.9887,-3.1517,7.0105,-8.519,18.14,1.9286,5.5563,4.9134,-2.4865,-2.6974,1.0678,1.0891,1.1142,1.1428,1.1758,1.2128,1.2548,1.3024,1.3551,1.4139,1.4794,1.552,1.6316,2.7656
113.28,-11.476,1.6402,-7.8656,-2.5103,5.8574,-8.4764,18.81,1.8037,16.049,0.069612,-3.1622,4.6596,1.0552,1.0751,1.0984,1.1247,1.1549,1.1888,1.2275,1.2707,1.3196,1.3749,1.4385,1.5123,1.5991,2.7656
110.51,-12.296,5.1525,-5.3031,-3.8474,11.459,-7.4476,19.332,-3.8874,12.13,4.4513,-5.1991,-1.3571,1.0602,1.0826,1.1082,1.1379,1.172,1.2105,1.254,1.3036,1.3596,1.4238,1.4975,1.5832,1.6799,2.7656
110.39,-11.732,6.6066,-6.5145,-2.9494,8.4145,-5.9257,19.295,-3.2657,11.33,3.5895,2.8913,-5.0188,1.0684,1.0932,1.1202,1.1523,1.1884,1.2295,1.2757,1.3277,1.3864,1.4524,1.5273,1.6114,1.6976,2.7656
111.61,-13.537,3.953,-3.6257,-0.038263,5.766,-8.8445,14.029,4.8034,17.304,1.4854,1.5154,1.8394,1.0621,1.0845,1.1101,1.1403,1.1744,1.2133,1.2572,1.3072,1.3642,1.4299,1.5061,1.5946,1.6926,2.7656
110.7,-11.201,5.8549,-2.7692,-0.72335,4.819,-11.597,19.477,1.4926,12.785,0.40221,-3.8142,1.4982,1.0696,1.0943,1.1214,1.1527,1.1881,1.2277,1.2723,1.3218,1.3762,1.4361,1.5021,1.5732,1.645,2.8496
111.63,-11.555,1.6639,-9.1051,-1.6754,7.6148,-6.6147,18.787,6.1706,19.278,2.0189,3.6992,7.4875,1.0636,1.086,1.1102,1.139,1.1709,1.2075,1.2482,1.2939,1.3451,1.4024,1.467,1.5391,1.6194,2.8496
111.73,-8.8306,1.4344,-5.6785,-2.6569,12.202,-11.93,22.58,-1.7466,7.0983,2.9419,2.2023,-0.032272,1.0651,1.0863,1.1106,1.139,1.1712,1.208,1.2495,1.2965,1.3504,1.412,1.4828,1.5637,1.6549,2.8496
111.72,-11.666,4.3891,-4.6898,-3.0221,9.6308,-10.03,19.743,-6.245,10.09,7.4738,0.25629,0.00042848,1.0593,1.0802,1.1051,1.1333,1.1655,1.2018,1.2428,1.2885,1.3409,1.4004,1.4692,1.549,1.6428,2.8496
112.36,-13.116,4.0831,-3.5332,-1.6555,4.6427,-8.5724,14.142,8.2366,12.758,4.9339,1.6264,-1.2316,1.0765,1.1007,1.1294,1.1607,1.1963,1.2356,1.2796,1.3287,1.3835,1.4435,1.508,1.5767,1.6493,2.8496
109.68,-11.206,4.5296,-7.5494,-5.2513,9.5091,-6.2846,19.185,-3.3978,9.5087,3.6678,-3.3548,6.2103,1.0552,1.0752,1.0986,1.1259,1.1566,1.1919,1.2312,1.2758,1.3263,1.3839,1.4498,1.5264,1.6163,2.8496
110.5,-9.8253,4.6345,-2.6604,-5.7034,6.3108,-3.7827,21.188,0.45902,9.4853,2.9322,3.7671,0.60951,1.069,1.0914,1.1175,1.1468,1.18,1.2164,1.2575,1.3034,1.3543,1.4107,1.4727,1.5402,1.6116,2.8496
111.59,-11.688,5.5108,-6.1286,0.29148,7.5928,-6.0432,17.915,0.30244,7.246,0.92046,0.32514,-0.16634,1.0648,1.0866,1.1133,1.1436,1.1783,1.2178,1.2622,1.3123,1.3687,1.4325,1.5045,1.5854,1.6719,2.8496
111.17,-11.545,4.3637,-6.0411,-4.7254,8.3505,-5.9393,18.194,4.7326,14.037,-0.39533,-2.1722,4.0191,1.0619,1.0837,1.1089,1.1381,1.1713,1.2089,1.2513,1.2987,1.3521,1.4127,1.4815,1.56,1.6478,2.8496
110.02,-10.418,1.8009,-4.036,0.37323,9.8233,-9.3484,21.944,1.5447,6.7454,8.1458,1.5011,-2.2208,1.0662,1.0864,1.1116,1.1394,1.1719,1.2078,1.2489,1.2951,1.3464,1.4034,1.4665,1.5347,1.6064,2.8496
110.07,-10.827,2.3996,-9.2192,1.7495,9.3939,-8.9519,18.15,-4.4575,7.7403,7.021,0.020711,-0.20988,1.0708,1.0935,1.1195,1.1497,1.1835,1.2219,1.2649,1.3134,1.3684,1.4317,1.5046,1.5882,1.6788,2.8496
110.96,-11.764,3.5064,-8.3835,0.93846,5.5224,-9.8877,15.256,-1.6785,15.766,7.4472,-3.9483,6.4457,1.0569,1.0778,1.1013,1.1289,1.1604,1.1967,1.2373,1.2833,1.335,1.3939,1.4607,1.536,1.6196,2.8496
111.49,-10.943,2.459,-7.3262,-3.9826,8.2237,-9.6414,19.89,-0.60958,8.9334,6.8942,-2.2201,-0.66516,1.0556,1.0755,1.0989,1.1256,1.156,1.1906,1.229,1.2726,1.3218,1.3778,1.4416,1.514,1.5959,2.8496
111.91,-11.253,4.0081,-3.751,-2.1636,10.294,-8.0862,19.052,1.0572,8.7166,5.5106,-0.32958,-1.6555,1.0577,1.0794,1.1045,1.1332,1.1658,1.2025,1.2444,1.2916,1.3452,1.4063,1.4758,1.5551,1.6423,2.8496
112.82,-13.084,1.747,-7.0269,-0.50729,9.9909,-9.4491,17.115,7.8579,19.953,4.9989,-1.8225,0.36729,1.0597,1.0804,1.1047,1.1323,1.1634,1.1992,1.239,1.2842,1.3351,1.393,1.4593,1.5359,1.6226,2.8496
111.16,-11.211,3.2479,-8.2506,-1.8155,8.9889,-7.6214,16.785,-2.5849,9.2397,8.4915,-0.32904,1.4683,1.0695,1.0943,1.1215,1.1525,1.1867,1.2246,1.267,1.3144,1.367,1.4253,1.4899,1.5614,1.6365,2.8205
111.89,-12.797,2.9626,-7.8406,-1.6573,8.6784,-8.8914,13.849,3.5467,18.69,2.0349,-2.7849,0.65114,1.0647,1.0858,1.111,1.1402,1.174,1.2122,1.2557,1.3051,1.3605,1.4231,1.4934,1.572,1.6551,2.8205
112.28,-9.7565,2.4721,-7.3682,-3.0594,11.212,-15.098,18.709,-2.3001,10.915,6.8017,-0.15598,-0.20351,1.0582,1.0785,1.1027,1.1308,1.1631,1.1998,1.2418,1.2894,1.3437,1.4059,1.4782,1.5638,1.6656,2.8205
111.24,-10.457,6.3489,-4.8282,-4.603,9.3167,-9.4328,21.67,-5.8001,5.6613,8.5768,2.9448,-2.8556,1.0573,1.0793,1.1051,1.1347,1.1685,1.2068,1.2503,1.2998,1.356,1.4202,1.4937,1.5786,1.6745,2.8205
112.95,-11.712,3.3203,-5.4083,3.1268,7.7534,-7.7032,18.723,-1.7261,11.078,0.95131,-2.876,-0.14613,1.0594,1.0824,1.1085,1.1397,1.1748,1.2159,1.2616,1.3138,1.3734,1.4413,1.5191,1.6071,1.6985,2.8205
112.89,-9.7203,2.2445,-5.0096,-4.3084,6.2632,-11.556,20.256,1.9101,8.8781,4.8077,-4.7853,1.5013,1.0548,1.0757,1.0988,1.1255,1.1553,1.1888,1.2264,1.2684,1.3156,1.3691,1.4303,1.5005,1.5813,2.8205
109.75,-10.544,6.1713,-2.5889,-1.3669,6.8647,-8.4191,24.281,-2.7893,2.2173,6.8452,4.1471,-6.8216,1.0605,1.0843,1.1094,1.1394,1.1722,1.2102,1.2518,1.299,1.3516,1.4111,1.4778,1.5511,1.6287,2.8205
113.02,-12.121,4.8101,-8.2489,-1.6713,7.4739,-9.7608,20.231,-1.6379,4.7466,1.4972,0.77421,4.9128,1.0572,1.0792,1.1045,1.134,1.1676,1.206,1.2494,1.2989,1.3547,1.4182,1.4906,1.5737,1.666,2.8205
112.03,-12.324,2.3868,-6.7179,-4.1161,8.0395,-9.9224,18.238,0.29673,9.2764,1.2092,-1.9487,10.098,1.0577,1.0788,1.103,1.1306,1.1619,1.1968,1.2364,1.2808,1.3308,1.3873,1.452,1.5274,1.6157,2.8205
109.33,-11.71,5.7273,-0.57271,-3.2411,7.7905,-10.598,20.9,0.041785,6.5709,3.8436,-5.5629,-1.0239,1.0595,1.0816,1.1057,1.1348,1.1674,1.2052,1.2474,1.2951,1.3488,1.4086,1.476,1.552,1.6357,2.8205
111.28,-10.567,4.1993,-5.1789,2.0503,6.0156,-6.7869,17.171,1.1505,9.3767,1.6126,0.020615,-3.5951,1.0742,1.0962,1.1222,1.152,1.1861,1.2244,1.2677,1.3167,1.3719,1.4344,1.5051,1.5835,1.6626,2.8205
112.21,-11.341,2.3562,-5.2653,2.8359,10.348,-7.7356,14.054,0.8818,11.52,-2.3689,-4.0775,-0.27663,1.0587,1.0797,1.1057,1.1342,1.1673,1.2041,1.2462,1.2936,1.3472,1.4084,1.4786,1.5597,1.6484,2.8205
110.97,-9.6668,4.0117,-4.4571,-2.8476,6.2129,-10.341,19.037,1.5177,15.139,1.8607,-5.8629,-6.6667,1.06,1.0808,1.1058,1.133,1.1643,1.1986,1.2371,1.2803,1.3286,1.3829,1.4439,1.5133,1.59,2.8205
111.06,-11.23,2.8726,-2.1758,3.2208,10.328,-11.356,15.148,-5.3998,8.3208,5.6948,2.9155,2.324,1.0656,1.0885,1.1138,1.1439,1.1771,1.215,1.2574,1.3051,1.3588,1.4193,1.4882,1.5661,1.6507,2.8205
111.27,-13.49,4.663,-5.7139,1.6732,9.0258,-13.659,17.695,2.8968,12.669,-1.2629,-4.2091,-2.968,1.0567,1.0776,1.1021,1.1302,1.1625,1.1991,1.2408,1.2885,1.3421,1.4039,1.4752,1.5586,1.6556,2.8205
110.36,-12.085,4.7441,-4.4619,0.64232,8.5725,-9.4627,18.417,-0.11035,15.781,6.0357,-9.5493,-6.057,1.0745,1.0979,1.1242,1.1545,1.1881,1.2262,1.2685,1.3152,1.3673,1.4248,1.4884,1.557,1.6273,2.9138
111.12,-11.858,4.6299,-6.2478,-0.30984,12.313,-4.3838,11.838,-5.3621,14.655,5.2979,-2.0425,-0.48707,1.0639,1.0861,1.1114,1.1405,1.1733,1.2108,1.2527,1.3,1.3531,1.4135,1.4817,1.558,1.6418,2.9138
111.55,-9.017,2.9989,-7.372,0.47025,9.9319,-8.2625,23.026,-4.7313,9.5887,3.172,-7.5432,-3.3312,1.0663,1.0888,1.1145,1.1432,1.1759,1.2124,1.2534,1.2997,1.3522,1.4124,1.4817,1.5627,1.6564,2.9138
110.54,-10.832,2.3414,-3.4971,1.4155,8.748,-6.8188,16.886,-2.959,12.544,3.3746,4.4449,-2.129,1.0687,1.0912,1.1177,1.1471,1.1807,1.2185,1.2614,1.3098,1.3653,1.4292,1.5035,1.5894,1.6851,2.9138
112.45,-11.252,4.763,-6.203,-0.22103,5.5459,-10.597,13.973,4.7386,12.039,-0.13915,-6.5596,-2.7665,1.0695,1.0926,1.1182,1.1484,1.1826,1.2214,1.2646,1.3132,1.3675,1.4289,1.4988,1.5783,1.6637,2.9138
110.05,-9.7647,3.1001,-7.1718,-3.8014,5.7201,-9.1134,16.856,-3.2087,7.1344,1.6838,-4.1304,7.1081,1.0673,1.0896,1.1145,1.1435,1.1756,1.2124,1.2534,1.2994,1.3514,1.4096,1.4748,1.5465,1.6246,2.9138
109.74,-9.5757,3.3092,-4.5868,-2.5231,9.6666,-8.7085,19.784,-1.7035,11.34,5.4814,-0.61891,-6.556,1.059,1.08,1.1036,1.1309,1.1623,1.1975,1.2376,1.2821,1.3322,1.3885,1.4519,1.5229,1.6018,2.9138
113.12,-11.453,4.9921,-6.5389,-0.032173,8.4767,-9.4397,17.115,-6.2504,11.227,2.359,0.20819,3.7558,1.0611,1.0824,1.1082,1.1375,1.1712,1.2092,1.2525,1.3014,1.3573,1.421,1.4947,1.58,1.6766,2.9138
111.77,-11.592,5.4268,-4.6063,-2.0002,9.0614,-11.175,15.84,0.8464,12.369,3.0661,-4.992,5.8438,1.0587,1.0784,1.1014,1.1275,1.1573,1.1914,1.2299,1.2738,1.3236,1.3808,1.4469,1.5239,1.614,2.9138
110.39,-11.348,5.665,-5.3396,-1.0713,12.627,-9.8482,23.345,2.1151,4.8249,5.5221,-6.2393,-5.9449,1.0615,1.0825,1.1069,1.1343,1.1654,1.1997,1.2384,1.2822,1.3311,1.3867,1.4502,1.5224,1.6049,2.9138
110.14,-10.984,3.7031,-6.6209,4.1706,8.423,-10.363,20.651,0.17599,7.6734,0.60295,-3.3056,-3.2447,1.0786,1.1002,1.1271,1.1575,1.1936,1.2339,1.2797,1.3309,1.388,1.4514,1.5219,1.5988,1.678,2.9138
112.16,-11.586,4.1782,-6.9032,-0.53134,4.189,-11.579,17.205,2.8224,11.994,-1.0835,-7.0257,3.0143,1.0557,1.0747,1.0986,1.1248,1.1555,1.1893,1.2283,1.2721,1.3221,1.3789,1.4445,1.5208,1.6092,2.9138
111.67,-10.111,3.8219,-6.3295,-3.1425,9.7995,-11.107,18.319,-0.19274,1.5385,4.646,-3.4335,2.3427,1.0665,1.0878,1.1121,1.1396,1.1712,1.2069,1.2472,1.2924,1.3432,1.3997,1.4629,1.5321,1.6045,2.9138
110.48,-10.597,3.8406,-4.9793,-1.4074,9.893,-9.6667,13.918,-1.8476,8.3495,8.3897,6.1967,-4.6119,1.0635,1.0861,1.1125,1.1437,1.1793,1.2212,1.2693,1.3244,1.3877,1.46,1.5423,1.6337,1.7272,2.9138
111.79,-11.535,4.8036,-5.6237,0.59845,5.293,-10.852,14.328,0.54053,16.904,1.7562,0.40705,-4.8784,1.0579,1.0798,1.1041,1.1324,1.1646,1.2013,1.2427,1.2893,1.3424,1.403,1.4733,1.5552,1.6494,2.9138
110.62,-11.279,6.7344,-4.4337,-2.76,6.3576,-8.7116,19.091,-3.9117,6.5709,7.2262,1.1323,1.5571,1.0705,1.0954,1.1236,1.1556,1.1915,1.2314,1.2764,1.3266,1.3824,1.4448,1.5139,1.5878,1.6635,2.9443
112.77,-12.378,5.1679,-4.984,-5.2886,6.2936,-11.506,16.897,4.0088,12.085,-0.64859,-2.9398,3.7952,1.057,1.0781,1.1014,1.1294,1.1608,1.1973,1.2381,1.2842,1.3363,1.3956,1.4631,1.5405,1.629,2.9443
112,-9.867,5.0049,-5.2414,-4.8097,11.157,-8.9217,19.342,-4.0886,5.933,1.7535,0.72024,-2.4332,1.0602,1.0814,1.1067,1.1348,1.167,1.2034,1.2445,1.2913,1.3441,1.4036,1.4712,1.5489,1.6382,2.9443
109.39,-11.018,3.1909,-5.2963,-0.99023,7.7548,-5.4987,15.02,-6.274,11.682,9.3313,6.3608,-2.1198,1.0685,1.0937,1.1212,1.1527,1.1878,1.2267,1.27,1.3177,1.3707,1.4304,1.4976,1.5733,1.658,2.9443
113.2,-10.958,3.4837,-7.1934,-0.5945,6.1092,-9.3415,15.069,-0.42551,10.687,3.4497,1.8679,0.013038,1.0656,1.0879,1.1139,1.1436,1.1785,1.2182,1.264,1.3166,1.3767,1.4453,1.5218,1.6071,1.697,2.9443
111.02,-10.826,2.5087,-5.1236,-2.7757,5.8746,-10.501,14.358,-0.89547,8.4074,1.4113,2.9327,4.8085,1.0611,1.0829,1.1068,1.1344,1.1651,1.1994,1.2375,1.2798,1.3268,1.3792,1.4385,1.5057,1.5816,2.9443
111.73,-11.407,6.4793,-3.082,-4.0202,6.2012,-9.1287,22.015,2.4622,9.5025,0.58106,4.0398,-2.8041,1.0569,1.0796,1.1052,1.1351,1.169,1.2079,1.2517,1.3016,1.3583,1.4227,1.4959,1.5788,1.6702,2.9443
113.47,-10.877,6.2475,-7.3212,-0.83631,8.5419,-12.166,15.798,-3.5683,10.714,0.18236,-0.10239,0.62467,1.0587,1.0808,1.1061,1.1358,1.17,1.209,1.2537,1.3047,1.3633,1.4307,1.5092,1.5988,1.6959,2.9443
112.64,-9.7255,3.0959,-6.9549,-1.7762,5.3756,-7.543,15.926,-0.17566,10.921,-4.2181,0.23486,3.2523,1.0631,1.0857,1.1116,1.1415,1.1752,1.2138,1.2575,1.3073,1.3636,1.4267,1.4981,1.5788,1.6659,2.9443
110.19,-10.358,3.9039,-4.2676,0.37824,7.2274,-14.879,23.551,1.1616,11.091,5.6463,-0.94818,-0.60413,1.0566,1.0775,1.1016,1.1288,1.1598,1.1945,1.2339,1.2779,1.3274,1.3828,1.4456,1.5171,1.5996,2.9443
110.87,-10.55,5.559,-5.4774,-3.9382,9.5055,-13.509,15.349,-4.9146,8.9379,6.2748,2.3548,-0.019528,1.064,1.0861,1.1115,1.1408,1.1743,1.2127,1.256,1.3049,1.3603,1.4224,1.492,1.5682,1.6483,2.9443
113.33,-11.503,3.8488,-5.4237,-2.7911,4.0632,-10.291,13.818,-0.035149,13.427,4.0085,-1.38,-2.0399,1.0549,1.0748,1.0981,1.1246,1.1547,1.1891,1.2274,1.2708,1.3198,1.3752,1.4382,1.5104,1.5942,2.9443
110.26,-9.6547,2.9571,-5.0943,-6.0853,5.992,-10.158,19.122,-2.9216,2.7466,12.107,1.5542,1.3209,1.0639,1.0851,1.1092,1.1369,1.1692,1.2056,1.2476,1.295,1.3488,1.4088,1.4763,1.5511,1.6295,2.9443
110.06,-10.799,4.1013,-4.9076,-1.7592,10.257,-4.4643,21.107,-2.5157,7.7582,6.9792,5.0833,-5.8147,1.0648,1.0875,1.1138,1.144,1.1785,1.2179,1.2625,1.3137,1.3721,1.4401,1.5199,1.6133,1.7172,2.9443
112.42,-11.997,5.1149,-6.6593,0.50728,6.4251,-8.9958,14.47,-0.60246,16.323,4.4499,0.89753,-7.0618,1.0575,1.0791,1.1045,1.1336,1.1667,1.2047,1.2476,1.2965,1.3522,1.416,1.4895,1.575,1.6711,2.9443
110.59,-12.002,4.0094,-4.9814,-1.9044,5.2817,-11.505,16.469,-2.7999,10.48,7.3552,1.6555,0.32232,1.0651,1.0871,1.1129,1.1421,1.1754,1.2129,1.2553,1.3029,1.3563,1.416,1.4828,1.5563,1.6356,3.0318
112.15,-12.337,3.6777,-7.2408,-3.6072,9.3961,-9.0221,18.607,-1.75,8.1024,-1.9706,-1.1712,3.791,1.0705,1.0942,1.1221,1.1537,1.1885,1.2275,1.271,1.32,1.3747,1.4357,1.5037,1.579,1.6573,3.0318
110.28,-11.726,5.3891,-2.2429,-6.7609,6.4188,-8.6255,20.583,-1.2522,6.7008,0.85616,-0.11817,6.3111,1.0578,1.0798,1.1051,1.1339,1.1669,1.2041,1.2464,1.2942,1.3481,1.4097,1.4807,1.5636,1.6613,3.0318
109.11,-11.297,5.3223,-1.1132,-0.39403,7.5651,-11.405,17.917,4.1009,7.8733,-3.2589,2.3976,4.365,1.0635,1.0852,1.11,1.1383,1.17,1.2054,1.2456,1.2902,1.3408,1.3976,1.4627,1.5376,1.622,3.0318
111.95,-11.685,6.3251,-4.3372,2.94,7.9845,-10.533,13.371,-1.6635,6.3398,-1.4461,-0.004514,-1.4276,1.0643,1.0874,1.115,1.1459,1.1818,1.2225,1.2684,1.3208,1.3805,1.4497,1.53,1.6208,1.7139,3.0318
111.43,-10.48,3.8454,-5.916,-4.5485,7.1637,-9.9874,18.762,1.4796,7.7342,1.3327,3.7232,1.3392,1.0586,1.0785,1.1025,1.1293,1.1601,1.1941,1.2328,1.2763,1.3251,1.3808,1.4447,1.5193,1.606,3.0318
110.68,-11.599,3.3754,-2.4043,-2.2238,12.638,-7.8447,19.083,0.94637,6.5502,3.4012,3.8822,-7.7129,1.0604,1.0814,1.1066,1.1354,1.1688,1.2068,1.2499,1.2982,1.3526,1.4138,1.4818,1.5575,1.6396,3.0318
112.52,-10.922,4.8001,-7.1973,-0.89632,7.429,-13.827,15.71,-0.93186,6.7675,0.54619,-1.6499,-1.7627,1.0638,1.0868,1.113,1.143,1.1766,1.2153,1.2586,1.3083,1.3648,1.4295,1.504,1.5908,1.6906,3.0318
109.56,-10.62,3.4015,-7.5237,0.11744,4.8341,-9.2052,14.485,0.62028,10.387,-3.1806,-1.8584,-2.5695,1.0771,1.0995,1.1249,1.1542,1.1881,1.2262,1.2702,1.3197,1.3759,1.439,1.5093,1.5866,1.6669,3.0318
108.61,-11.533,4.9296,-1.3596,-2.3306,7.2306,-8.0252,19.76,0.38275,4.3936,0.11665,1.452,-3.1861,1.0648,1.087,1.1127,1.1423,1.1757,1.2135,1.2556,1.3031,1.3558,1.4156,1.4836,1.5596,1.6426,3.0318
110.57,-10.521,8.6634,-5.9211,-0.91124,8.2928,-9.8101,18.701,-7.064,4.9014,3.7014,0.35175,-3.3563,1.0603,1.0826,1.1087,1.1385,1.172,1.2101,1.2527,1.3012,1.3558,1.4174,1.4885,1.5707,1.664,3.0318
110.85,-11.601,7.755,-4.3178,-2.092,8.3953,-6.9352,14.845,-6.217,11.75,2.6306,-6.2549,-4.2576,1.052,1.0721,1.0952,1.1213,1.1509,1.1842,1.2223,1.2655,1.3141,1.3695,1.4326,1.5056,1.5901,3.0318
111.51,-9.5133,3.1104,-4.8751,-6.1213,9.2709,-4.8963,18.212,-3.1574,11.639,4.1988,-6.0968,-1.8512,1.0603,1.081,1.1053,1.133,1.164,1.1996,1.2388,1.283,1.3318,1.3861,1.4467,1.5143,1.5869,3.0318
110.05,-10.334,1.569,-5.3045,1.8052,9.6488,-8.4441,16.753,-2.2965,13.737,7.3644,-1.2393,-1.5156,1.0612,1.0835,1.1096,1.1396,1.174,1.2128,1.2571,1.3074,1.3646,1.4304,1.5063,1.5938,1.6923,3.0318
112.42,-12.767,4.4174,-4.9225,-0.49339,7.6066,-11.501,13.733,0.56279,9.7494,-1.0419,-5.9228,-5.3622,1.0585,1.08,1.1042,1.1321,1.1633,1.199,1.239,1.2845,1.3357,1.3943,1.4618,1.5403,1.6327,3.0318
110.78,-10.11,5.4703,-7.1195,0.85674,5.7077,-8.8247,15.447,-1.6391,5.4105,2.7196,0.95021,0.9155,1.0692,1.0929,1.1191,1.1495,1.1831,1.2206,1.2632,1.3104,1.3634,1.4226,1.488,1.5587,1.6326,3.0952
110.93,-12.834,6.7774,-2.4103,0.33773,3.9046,-10.56,16.396,-2.2402,9.8113,0.92611,2.5952,5.4143,1.0741,1.0958,1.1226,1.1526,1.1879,1.2275,1.2725,1.3232,1.3803,1.4449,1.5172,1.5954,1.6707,3.0952
110.76,-10.674,3.37,-3.1068,-2.6952,6.9809,-6.486,22.808,3.3918,8.0865,-2.0269,-2.2221,-6.2381,1.0628,1.0837,1.1071,1.1351,1.1668,1.2042,1.2461,1.2943,1.3488,1.4108,1.4815,1.563,1.6566,3.0952
110.43,-11.579,4.4041,-5.8496,-0.17255,10.094,-10.667,21.794,2.1805,5.2131,2.329,-2.9411,-2.6954,1.0647,1.0863,1.1113,1.1397,1.1716,1.2077,1.2478,1.2931,1.3431,1.3995,1.463,1.5339,1.6089,3.0952
112.63,-11.18,6.5092,-8.4839,-4.6201,6.1661,-9.1821,16.376,-2.6682,8.969,2.475,-1.6178,-1.7887,1.0589,1.0823,1.1081,1.1383,1.1721,1.2107,1.2545,1.3039,1.3601,1.4244,1.4984,1.5832,1.6763,3.0952
109.96,-11.399,4.0567,-5.5973,-6.0754,10.473,-9.1648,19.459,-1.5292,5.11,-3.8751,-3.7676,-0.053268,1.0572,1.0765,1.1008,1.1277,1.1596,1.195,1.2357,1.2811,1.3333,1.3926,1.4614,1.5423,1.6374,3.0952
108.84,-11.093,2.9333,-3.974,-2.8322,11.85,-8.5938,18.215,2.4979,9.4736,5.9225,-2.4644,-7.5485,1.0616,1.0838,1.1076,1.1352,1.166,1.2005,1.2389,1.2812,1.3286,1.3814,1.441,1.5094,1.5878,3.0952
113.02,-10.459,4.145,-7.5741,-1.1648,9.659,-8.4978,13.92,-4.5352,8.6107,0.26794,3.8139,-3.3624,1.0692,1.0917,1.118,1.1477,1.1819,1.2205,1.2648,1.3151,1.372,1.4372,1.512,1.5972,1.6881,3.0952
111.88,-11.418,4.0308,-3.0251,-2.4924,5.6329,-6.7906,16.18,-1.554,6.5239,-1.0589,3.9771,4.8602,1.0621,1.0841,1.1088,1.1376,1.1697,1.2063,1.2473,1.2937,1.346,1.4049,1.4718,1.5479,1.634,3.0952
110.65,-10.587,3.2938,-5.895,-0.68686,8.9709,-7.5996,21.299,0.83984,7.4625,11.83,0.52411,-5.2438,1.0723,1.0937,1.1179,1.1454,1.1768,1.2125,1.2524,1.2967,1.3452,1.3987,1.4567,1.5184,1.5813,3.0952
111.22,-9.9694,5.2443,-4.1574,-1.171,5.0462,-8.9614,16.23,-5.2019,10.559,2.3629,-3.2884,-5.4706,1.068,1.0919,1.1195,1.1506,1.186,1.2257,1.2705,1.3213,1.3788,1.4443,1.5198,1.6072,1.7032,3.0952
112.63,-12.266,4.8336,-6.5427,-2.3035,1.3908,-12.819,16.618,1.8528,12.212,-0.04406,4.1565,2.0939,1.0692,1.0909,1.1165,1.1458,1.1793,1.2178,1.2605,1.3083,1.3623,1.4223,1.4895,1.5641,1.6456,3.0952
110.99,-9.9503,2.6197,-4.8744,-4.8592,7.8654,-8.4956,21.386,2.3858,5.783,-0.84158,-3.3849,1.3609,1.0586,1.0813,1.1064,1.1354,1.1674,1.2037,1.2447,1.2913,1.3437,1.4037,1.4721,1.5517,1.6451,3.0952
110.94,-12.145,2.4055,-5.8329,-1.8379,12.114,-6.6167,17.59,-3.8964,12.284,5.0573,0.18435,1.9938,1.0624,1.0835,1.1086,1.1372,1.1702,1.2073,1.2497,1.2975,1.3519,1.4137,1.4845,1.5655,1.6573,3.0952
114.09,-12.244,4.3899,-5.5437,-1.2682,7.1328,-10.316,14.165,-1.7439,12.698,1.46,1.0425,1.373,1.0558,1.076,1.0993,1.1269,1.1578,1.1938,1.2341,1.2797,1.3315,1.3904,1.4578,1.5368,1.6308,3.0952
111.5,-11.901,4.572,-1.7706,-0.63872,8.1504,-8.9741,14.371,-0.8186,5.1179,0.15076,-0.78501,0.92095,1.0592,1.079,1.1041,1.1319,1.1654,1.2033,1.2466,1.2954,1.3508,1.4133,1.4835,1.5608,1.6444,2.8133
112.69,-11.643,3.6105,-5.7882,-4.6475,4.1341,-9.5623,14.566,0.63767,8.9746,-1.4589,6.8094,4.007,1.0609,1.0822,1.1073,1.1356,1.168,1.2046,1.2464,1.2937,1.3472,1.4078,1.4767,1.5545,1.6392,2.8133
110.47,-11.179,3.0626,-2.5265,-3.4607,10.008,-9.7475,22.705,5.2961,8.7069,-3.9548,-4.1629,-5.6785,1.0639,1.086,1.1119,1.1411,1.1743,1.2124,1.2547,1.3031,1.3576,1.4195,1.49,1.5708,1.6596,2.8133
110.34,-12.623,3.8412,-3.1325,-3.7625,8.9446,-11.405,16.161,-0.56749,10.397,4.8419,2.6843,0.77061,1.0668,1.0881,1.113,1.1407,1.1718,1.2059,1.2446,1.2874,1.3355,1.3891,1.4491,1.5149,1.5864,2.8133
113.64,-12.57,4.8413,-4.9777,-3.5251,5.5242,-9.8901,12.042,-1.2696,11.012,3.2469,2.3744,-0.81109,1.0644,1.0864,1.1122,1.1415,1.175,1.2127,1.2556,1.3036,1.358,1.4192,1.4876,1.564,1.6481,2.8133
109.5,-11.947,4.1659,-5.5662,-4.762,10.755,-6.8795,19.055,-2.4679,4.5314,0.33004,3.1916,-0.79394,1.0597,1.0803,1.1044,1.1321,1.1637,1.1996,1.2404,1.2867,1.3395,1.4,1.4705,1.5538,1.6537,2.8133
110.3,-12.206,3.9754,-3.2252,-1.6744,12.531,-4.3065,19.346,1.1413,9.6654,-0.11075,-3.7833,-9.1483,1.0654,1.0884,1.115,1.1459,1.1804,1.22,1.2638,1.3132,1.3685,1.4308,1.5013,1.5804,1.6666,2.8133
112.47,-11.58,6.6249,-4.6375,-1.4399,8.3857,-8.1514,11.871,-4.6738,8.2003,1.0755,0.90503,0.5885,1.0654,1.0874,1.1122,1.1413,1.1741,1.2114,1.2537,1.3015,1.3556,1.4171,1.4862,1.5643,1.6519,2.8133
112.25,-11.345,3.6406,-5.774,-4.2089,8.3489,-7.0533,16.907,-1.2697,9.1757,0.83414,1.9424,-0.068281,1.0564,1.0756,1.0985,1.1245,1.1546,1.1883,1.2269,1.2699,1.3186,1.3733,1.4357,1.5069,1.5896,2.8133
109.85,-10.961,2.4677,-5.5243,-1.1731,10.669,-11.811,22.826,9.9931,8.9286,7.5906,-3.7382,-7.733,1.0639,1.0849,1.11,1.1378,1.1694,1.2046,1.2444,1.2889,1.3381,1.3923,1.4511,1.5149,1.5817,2.8133
111.1,-11.508,3.4647,-4.6449,-0.25566,10.108,-14.933,13.72,-2.4136,8.0526,0.037074,4.4587,-0.062192,1.0609,1.0819,1.1072,1.1359,1.1692,1.2068,1.2499,1.2993,1.3556,1.4207,1.4963,1.585,1.6874,2.8133
111.82,-11.845,3.9645,-6.7532,-2.4864,5.4158,-11.358,19.385,-0.30164,13.737,0.7795,-3.9182,-0.46853,1.0617,1.0829,1.1066,1.1339,1.1646,1.1997,1.2388,1.2825,1.3315,1.3866,1.4486,1.5181,1.5952,2.8133
110.39,-10.201,0.8449,-7.8268,-1.2974,11.315,-11.056,21.515,3.337,5.8149,4.6333,-5.5682,-4.2352,1.0637,1.0849,1.1108,1.1395,1.1724,1.2092,1.2508,1.2974,1.3495,1.4079,1.473,1.5468,1.6295,2.8133
109.78,-11.695,4.8952,-3.9972,1.8182,12.915,-12.126,19.739,-3.5798,7.7828,2.6631,-1.7745,-2.7688,1.0631,1.0854,1.1115,1.1414,1.1759,1.215,1.259,1.3085,1.3648,1.4286,1.5019,1.5869,1.6846,2.8133
110.48,-14.17,6.5087,-3.7687,1.8078,6.7865,-8.9185,17.869,-5.1512,14.871,5.4932,-1.105,-0.201,1.0578,1.0791,1.1035,1.132,1.1645,1.2021,1.2449,1.2935,1.349,1.4125,1.4861,1.5727,1.6752,2.8133
111.96,-12.229,3.2223,-7.669,-2.2896,10.251,-9.8625,14.088,-1.6456,8.6976,4.2834,1.2313,1.4416,1.0564,1.0771,1.1012,1.1283,1.1591,1.1932,1.2312,1.2739,1.3216,1.3754,1.4368,1.5074,1.5899,2.7059
111.01,-13.066,2.6313,-7.559,-3.4035,6.1428,-7.8118,16.112,-1.3994,13.061,-0.5485,0.48125,4.0222,1.0679,1.0907,1.1172,1.1473,1.1821,1.2209,1.265,1.3141,1.3701,1.4332,1.5053,1.5878,1.6763,2.7059
110.75,-12.111,1.3347,-4.9021,-3.0816,8.7907,-14.242,22.762,6.8511,10.035,-1.9595,-7.2834,1.5383,1.0582,1.0778,1.1023,1.1293,1.1611,1.1966,1.2373,1.2829,1.335,1.394,1.4616,1.5391,1.6278,2.7059
109.07,-12.072,5.0287,-1.9277,2.0088,10.942,-12.343,12.399,-3.9576,7.4924,4.111,2.4176,3.2097,1.0659,1.0885,1.1136,1.142,1.1737,1.2093,1.249,1.2932,1.3426,1.3981,1.4605,1.5311,1.6071,2.7059
112.85,-13.056,3.9632,-4.5074,1.9876,8.7633,-8.1041,11.869,-2.2346,9.9711,-2.2007,4.5779,0.13608,1.0616,1.0842,1.1099,1.1401,1.1746,1.2139,1.2588,1.3098,1.3686,1.4363,1.516,1.6111,1.718,2.7059
111.61,-11.666,1.7722,-5.7173,-2.5171,8.3457,-12.687,20.579,4.3996,12.104,0.60648,-0.76798,-0.28836,1.06,1.0811,1.1043,1.1323,1.1635,1.1995,1.2399,1.286,1.3372,1.3951,1.4601,1.5314,1.6077,2.7059
110.5,-11.046,0.71744,-2.704,2.0475,11.179,-10.778,15.945,0.57418,10.891,-0.4308,-0.69595,-5.2587,1.0642,1.0875,1.1141,1.1446,1.1785,1.2166,1.2592,1.3068,1.3598,1.4193,1.4861,1.5595,1.6346,2.7059
113.3,-11.511,1.2697,-6.2718,-0.75734,10.806,-13.376,13.798,-5.6032,10.618,2.9736,-0.016468,-0.027991,1.0561,1.0784,1.1036,1.1325,1.1647,1.2014,1.2418,1.2871,1.3378,1.3951,1.4602,1.5349,1.6194,2.7059
111.65,-13.065,1.4944,-7.9207,-4.1137,10.687,-9.9207,17.836,-1.7608,8.4934,3.3623,-2.3659,1.9105,1.0542,1.0746,1.0986,1.1262,1.1576,1.1936,1.2337,1.2797,1.3314,1.39,1.4564,1.532,1.618,2.7059
111.31,-11.481,0.99004,-6.6995,-1.3591,11.358,-8.9307,16.666,2.2316,10.782,2.0745,-1.4287,-3.7936,1.0668,1.0897,1.1158,1.1454,1.1788,1.216,1.2577,1.3043,1.3564,1.4142,1.4781,1.5471,1.6187,2.7059
111.98,-10.219,3.6202,-4.2378,0.3375,5.4647,-10.313,15.112,-2.3415,6.9747,1.6066,-1.109,-0.080967,1.066,1.0903,1.1188,1.151,1.1883,1.2297,1.2775,1.3315,1.3935,1.4642,1.5441,1.6309,1.7181,2.7059
111.13,-13.659,6.2262,-4.0195,0.85164,7.7269,-6.7715,14.877,-3.6262,12.163,-0.12045,-3.3941,0.89998,1.0561,1.0763,1.0997,1.1259,1.1556,1.1891,1.2264,1.2687,1.316,1.3696,1.4306,1.5009,1.5831,2.7059
112.66,-10.837,1.7563,-7.0563,-0.71009,13.228,-10.167,19.471,-0.23721,9.5841,-0.46662,-5.6043,-3.284,1.058,1.0777,1.1019,1.1295,1.1614,1.198,1.2394,1.2868,1.3407,1.4028,1.474,1.5557,1.647,2.7059
111.19,-10.795,2.8856,-6.2319,-1.0756,10.514,-10.698,20.069,-3.8535,9.29,5.7303,0.38005,-2.0394,1.0655,1.089,1.115,1.1453,1.1793,1.2176,1.2608,1.3094,1.3644,1.4271,1.4997,1.5845,1.679,2.7059
113.22,-12.604,2.4518,-7.8433,-0.48419,6.3487,-9.5574,18.278,-2.4691,9.8296,0.57514,0.19616,-1.0648,1.0631,1.0859,1.1128,1.1431,1.1779,1.2175,1.2631,1.3147,1.3734,1.4405,1.5183,1.6088,1.7121,2.7059
111.35,-12.16,3.459,-5.1322,0.081108,9.5116,-6.815,16.038,-3.3626,8.373,-1.4953,0.86685,3.495,1.0637,1.0866,1.1115,1.1406,1.1726,1.2084,1.2485,1.2935,1.3438,1.4,1.4626,1.5329,1.612,3.1298
112.82,-12.613,3.399,-6.1159,-2.9115,6.061,-7.4448,17.984,0.26672,14.145,4.5023,3.6836,-0.25114,1.0693,1.0905,1.1152,1.1431,1.1753,1.2121,1.2539,1.3012,1.3548,1.4151,1.4827,1.5588,1.6432,3.1298
110.99,-9.4932,1.4367,-4.1028,0.91353,11.243,-11.331,18.099,-1.3609,7.4099,-0.80015,-6.3686,-3.1609,1.0599,1.0814,1.1057,1.1339,1.1659,1.2022,1.2432,1.2893,1.3418,1.4016,1.4708,1.5508,1.6414,3.1298
111.63,-11.04,3.8826,-3.91,-1.9458,9.2642,-13.089,18.58,0.35353,7.2612,0.85772,-4.6763,-3.3145,1.0628,1.0833,1.1076,1.1353,1.167,1.2031,1.2434,1.2884,1.3389,1.3955,1.4588,1.5294,1.6055,3.1298
112.64,-12.838,4.1456,-8.841,-2.2052,6.4775,-8.7876,13.193,-2.2081,13.005,7.1719,-0.6789,-2.6925,1.065,1.0879,1.1141,1.144,1.1775,1.2156,1.2585,1.3074,1.3626,1.4256,1.4977,1.5788,1.6671,3.1298
112.32,-11.443,-0.038509,-6.9052,-2.3063,9.1879,-11.146,19.195,-0.78587,11.279,-0.35116,-6.0217,1.5627,1.061,1.084,1.1093,1.1388,1.1719,1.2095,1.252,1.3002,1.3551,1.4181,1.4918,1.5789,1.681,3.1298
110.42,-10.391,2.7449,-6.2274,-3.1195,10.818,-12.861,17.71,3.6593,7.8717,2.0622,-3.4723,-5.346,1.0648,1.0856,1.1097,1.137,1.1688,1.2042,1.2445,1.2894,1.3397,1.396,1.4592,1.5299,1.607,3.1298
111.76,-10.785,2.2667,-6.0756,1.663,7.68,-7.2124,14.154,-1.2228,13.528,1.8225,-4.1627,-1.8237,1.0725,1.0965,1.1234,1.1539,1.1884,1.2274,1.2708,1.32,1.3753,1.4378,1.5076,1.5835,1.6599,3.1298
111.86,-11.782,1.2426,-5.8507,0.51424,5.971,-6.3365,16.042,1.0295,14.525,0.89837,-1.805,-0.41018,1.0682,1.0922,1.1193,1.1504,1.1853,1.2243,1.2682,1.3168,1.3706,1.4293,1.4934,1.5622,1.6304,3.1298
111.11,-10.065,1.6387,-7.2843,4.562,11.125,-13.701,15.946,2.5871,10.838,8.8395,-4.3704,-5.939,1.0604,1.0819,1.1067,1.1347,1.1659,1.201,1.2401,1.2842,1.3337,1.3885,1.4498,1.5164,1.5877,3.1298
110.86,-10.622,2.1883,-4.0839,1.9149,7.8286,-10.975,14.748,1.1991,8.6088,1.6948,-1.8511,-1.7514,1.0717,1.0957,1.1223,1.1536,1.1882,1.2279,1.2723,1.3226,1.3792,1.4437,1.5167,1.598,1.6803,3.1298
112.52,-12.799,3.6219,-6.4834,-4.9105,3.483,-8.6601,16.811,-1.5278,15.487,3.7688,2.5194,1.5285,1.057,1.0778,1.1027,1.1309,1.1637,1.2001,1.242,1.2891,1.3421,1.4026,1.4716,1.5515,1.6441,3.1298
111.9,-10.79,4.0851,-5.1175,-2.4315,8.3533,-19.315,22.193,3.8738,11.312,-2.3842,-5.7412,0.20377,1.0611,1.0822,1.1068,1.1345,1.1659,1.2005,1.2401,1.284,1.3333,1.3886,1.4515,1.523,1.6041,3.1298
110.78,-10.967,3.6023,-4.6424,-3.9457,5.7075,-12.884,16.853,3.5019,9.9512,2.2097,-5.7858,1.9111,1.0701,1.0929,1.1196,1.1495,1.1833,1.2207,1.2625,1.309,1.361,1.4187,1.483,1.5551,1.6342,3.1298
111.47,-12.895,4.816,-7.8073,-1.6952,6.4458,-5.4007,19.287,-1.9256,14.792,6.8447,-3.0035,-0.22063,1.0685,1.0906,1.1153,1.1434,1.1751,1.2112,1.252,1.2976,1.3486,1.406,1.4711,1.5456,1.6295,3.1298
110.67,-10.329,4.447,-5.4229,-1.6338,8.2509,-10.068,17.164,-0.025669,6.4479,1.8026,-1.8491,1.7137,1.0598,1.0807,1.1035,1.1308,1.1613,1.197,1.2369,1.2822,1.3331,1.3903,1.4551,1.5282,1.6096,3.021
111.2,-12.897,3.0281,-8.3585,-1.3814,3.3564,-10.855,20.257,0.82716,16.185,4.5131,-0.86312,3.6372,1.0668,1.0902,1.117,1.1481,1.1833,1.2235,1.2686,1.3202,1.3784,1.4454,1.5223,1.6106,1.7086,3.021
111.16,-8.8727,2.2851,-3.7679,-3.8173,6.9862,-11.36,15.208,1.6924,12.267,1.3281,-5.7766,-7.369,1.0679,1.0905,1.1162,1.1456,1.1787,1.216,1.2577,1.3041,1.356,1.4141,1.4794,1.5518,1.6293,3.021
110.4,-11.585,3.9741,-5.6176,-1.1748,7.484,-11.227,17.132,-7.2151,10.769,8.6548,-0.27115,0.75394,1.0631,1.084,1.1086,1.1366,1.1687,1.2048,1.246,1.2923,1.345,1.405,1.4734,1.5511,1.6368,3.021
113.16,-13.428,2.2695,-6.655,-1.0658,4.2544,-8.7535,18.53,3.6035,14.808,4.1537,-0.9229,-2.14,1.0618,1.0844,1.1103,1.1396,1.1731,1.2113,1.2544,1.3032,1.3591,1.4221,1.4928,1.5727,1.6602,3.021
112.42,-11.66,0.53563,-6.7537,-3.3497,5.7328,-15.022,17.829,0.26534,7.517,2.7835,0.27679,7.5847,1.0565,1.076,1.0992,1.1254,1.1553,1.1891,1.2269,1.2695,1.317,1.371,1.4326,1.5042,1.5882,3.021
111.04,-11.726,1.6982,-2.9218,3.7059,10.539,-10.984,13.741,-2.1331,9.8657,-2.7935,1.0558,-5.8079,1.0684,1.0926,1.1194,1.1511,1.1866,1.2274,1.2737,1.3263,1.3857,1.4522,1.5253,1.6019,1.6767,3.021
110.72,-12.717,4.0488,-3.1161,1.5582,11.105,-8.5766,16.852,-4.5439,5.2235,1.9816,-1.5702,8.0289,1.0538,1.0745,1.0983,1.1262,1.1577,1.1944,1.2356,1.2831,1.337,1.3992,1.4715,1.5565,1.6561,3.021
113.06,-11.097,2.3761,-7.0251,-3.6808,9.1116,-10.974,15.143,-0.28559,11.054,6.105,-1.087,3.9695,1.0674,1.0889,1.1139,1.1414,1.1724,1.207,1.2453,1.2881,1.3359,1.3894,1.4497,1.5171,1.5912,3.021
111.35,-8.6786,1.1177,-7.2966,0.12429,7.5356,-11.257,17.792,2.7816,8.8287,4.7472,-3.8217,-0.37282,1.0627,1.0848,1.1099,1.1389,1.1718,1.2087,1.2504,1.2968,1.3485,1.4056,1.4687,1.5383,1.6126,3.021
111.03,-12.022,2.375,-6.9791,-1.6554,7.283,-10.601,17.302,-0.59191,9.2289,1.4364,4.6462,2.4121,1.0772,1.0983,1.1247,1.1548,1.19,1.2301,1.2761,1.3281,1.3877,1.4558,1.5331,1.6207,1.7166,3.021
111.68,-12.428,4.5197,-8.6172,-1.5066,1.6445,-10.79,18.711,-0.38868,15.52,-1.5864,-1.161,2.8482,1.0654,1.0867,1.1119,1.1406,1.1734,1.2109,1.2534,1.3018,1.3574,1.4217,1.4958,1.582,1.6783,3.021
112.71,-9.5594,1.1856,-7.7377,-3.3516,8.1354,-14.596,15.214,-0.7829,10.325,-0.9732,-1.3315,-3.0424,1.0645,1.0849,1.1095,1.1363,1.1673,1.2019,1.2409,1.2842,1.3327,1.3864,1.4466,1.5129,1.5849,3.021
110.23,-11.344,4.0019,-3.3915,2.9171,13.948,-10.849,12.087,-5.658,1.3945,5.5802,-0.31573,5.7868,1.0511,1.0704,1.0935,1.1199,1.1503,1.1844,1.2234,1.2676,1.3171,1.3727,1.4354,1.5067,1.5892,3.021
111.03,-13.669,3.2156,-3.4906,1.1134,8.6458,-5.6141,17.291,-2.1584,8.2268,2.3848,1.3879,8.0809,1.0639,1.0865,1.1127,1.1419,1.1752,1.2126,1.2551,1.3022,1.3554,1.4148,1.4807,1.5532,1.6315,3.021
110.82,-12.972,2.1505,-8.3728,-1.783,8.3233,-7.5897,19.056,-4.2614,11.644,9.5322,1.1547,4.1311,1.0547,1.0757,1.0998,1.1276,1.1589,1.1945,1.2347,1.2803,1.332,1.3902,1.4569,1.534,1.6238,5.9166
111.7,-14.122,2.249,-6.5098,-1.2817,9.069,-8.5642,16.23,-4.2897,11.459,-0.81198,-2.7112,4.8682,1.0652,1.0876,1.1138,1.1438,1.178,1.2171,1.2608,1.3104,1.3669,1.4312,1.5047,1.5887,1.6801,5.9166
112.23,-11.121,1.366,-7.3637,-3.7695,6.7844,-13.21,16.699,0.17615,11.397,-0.52311,-0.57017,4.6129,1.0602,1.0805,1.1054,1.1327,1.1648,1.2004,1.2412,1.2866,1.3384,1.3972,1.4648,1.544,1.6371,5.9166
109.33,-11.76,4.061,-2.5842,1.0452,8.9164,-12.947,15.256,-0.731,8.0182,3.4417,7.1556,0.93728,1.0608,1.0822,1.1083,1.137,1.1702,1.2074,1.2492,1.2962,1.349,1.4088,1.4769,1.5533,1.6357,5.9166
111.4,-13.981,4.9148,-3.2611,-1.8954,9.5372,-2.2273,11.942,-2.6909,7.2075,8.0561,4.3826,-5.4584,1.0654,1.0889,1.1153,1.1459,1.1804,1.2189,1.2628,1.3118,1.3665,1.427,1.4931,1.5649,1.6417,5.9166
112.97,-11.353,0.79183,-4.7873,-0.57928,9.2111,-10.295,16.618,0.15236,5.6916,-0.49414,-3.3836,7.2176,1.061,1.0831,1.108,1.1362,1.1681,1.204,1.2441,1.2891,1.3394,1.3959,1.46,1.5328,1.6143,5.9166
109.44,-9.4256,2.9509,-4.3077,2.4219,7.7956,-8.6308,16.19,-2.4393,4.8427,-0.39313,-4.414,4.4564,1.0642,1.0897,1.1169,1.148,1.1822,1.2211,1.264,1.3127,1.3665,1.4269,1.4928,1.5631,1.6363,5.9166
