113.56,-13.749,4.9438,-7.4862,-4.8346,-14.296,-15.528,20.244,-0.57605,9.8308,0.80892,-1.902,10.283,1.0773,1.1036,1.1325,1.1653,1.2015,1.2425,1.2877,1.3385,1.3962,1.4615,1.5357,1.6177,1.6972,19.172
115.36,-15.768,0.090698,-11.373,-4.6336,-13.422,-19.015,20.927,6.6447,12.884,-1.4614,-0.63072,11.635,1.0618,1.085,1.112,1.1431,1.1784,1.2183,1.2636,1.3148,1.3719,1.4353,1.5045,1.5791,1.6549,19.172
108.5,-10.914,-0.33889,-8.4692,-4.3991,-8.1461,-10.481,12.559,6.8686,14.817,-2.067,3.5207,2.2609,1.0732,1.0985,1.1272,1.1595,1.1967,1.2383,1.2851,1.3371,1.3935,1.4537,1.5169,1.576,1.6236,19.172
109.61,-13.043,3.1089,-12.731,-6.2302,-9.3526,-7.1446,10.426,3.0595,11.036,4.5935,5.3368,-6.1224,1.0782,1.1036,1.1323,1.1631,1.1983,1.2372,1.2804,1.3277,1.3773,1.4274,1.477,1.5245,1.5665,19.172
123.3,-16.45,-0.23125,-13.238,-12.035,-11.739,-13.016,21.148,-5.0003,10.792,-1.6361,1.9422,9.021,1.0742,1.102,1.1352,1.1727,1.2161,1.2641,1.3191,1.381,1.4507,1.53,1.6184,1.7098,1.7875,19.172
118.16,-15.026,-0.33389,-11.79,-13.076,-9.5204,-13.336,26.437,2.1271,7.624,-5.4759,3.5691,7.5916,1.0624,1.0855,1.1121,1.1427,1.1774,1.2167,1.261,1.311,1.3675,1.4315,1.504,1.5856,1.6742,19.172
109.82,-8.8609,-1.3279,-10.055,-7.438,-7.452,-7.7523,15.637,-4.3098,10.023,2.4368,6.357,-0.36149,1.0687,1.0928,1.1185,1.1478,1.1798,1.2158,1.2562,1.3009,1.3506,1.405,1.4624,1.5176,1.5663,19.172
115.19,-14.872,4.06,-11.039,-7.7134,-11.27,-12.368,19.041,1.7645,6.3318,-0.3651,3.8289,13.873,1.0724,1.0988,1.1286,1.1622,1.2003,1.2428,1.2911,1.3451,1.4058,1.4733,1.5453,1.6162,1.6764,19.172
116.98,-17.755,5.0977,-14.201,-7.2892,-9.7972,-16.96,15.28,7.6493,4.377,7.2779,7.1413,3.5814,1.0735,1.1032,1.1372,1.1774,1.223,1.2757,1.3365,1.4067,1.4879,1.5809,1.6809,1.7748,1.8398,19.172
113.42,-13.691,3.1886,-10.341,-6.8108,-4.7261,-10.474,13.965,-7.4831,14.341,11.02,7.3666,-1.5993,1.0696,1.0942,1.123,1.1547,1.1915,1.2325,1.2791,1.3315,1.3907,1.4569,1.5307,1.6116,1.6908,19.172
110.97,-13.945,1.4847,-9.4192,-5.5288,-8.7406,-8.5057,20.738,-5.0315,10.989,3.1492,1.4106,3.5151,1.0609,1.084,1.1105,1.1414,1.1763,1.2162,1.2618,1.3136,1.3725,1.4394,1.5152,1.6005,1.693,19.172
121.65,-16.267,-0.51421,-12.012,-9.9796,-13.561,-15.303,25.715,2.1467,13.586,-2.4181,0.1751,9.8755,1.0712,1.0956,1.1227,1.1538,1.1883,1.2276,1.2712,1.32,1.3742,1.4338,1.4981,1.5663,1.6311,19.172
108.66,-11.381,-0.64597,-9.0104,-6.5285,-10.515,-12.338,20.088,2.9564,10.532,-3.8979,2.0379,5.8314,1.0684,1.0915,1.1175,1.1467,1.1787,1.2143,1.2535,1.2968,1.3433,1.3926,1.4442,1.4953,1.5403,19.172
111.86,-12.146,2.5706,-8.5565,-8.3651,-10,-10.223,16.03,6.1346,11.723,0.95134,-2.0267,4.1101,1.0777,1.1026,1.1321,1.1647,1.2029,1.2451,1.2933,1.3472,1.4078,1.4748,1.5467,1.6196,1.6855,19.172
119.57,-16.59,2.55,-11.724,-6.4647,-10.182,-14.922,21.389,1.7509,8.2417,6.097,-3.3474,12.353,1.0585,1.081,1.1066,1.1364,1.1699,1.2085,1.2512,1.3002,1.3551,1.4181,1.4906,1.5741,1.6673,19.172
113.39,-14.261,5.3045,-11.806,-1.9133,-13.35,-9.2323,16.05,-0.36408,8.5381,4.4668,-3.8393,4.4255,1.0689,1.093,1.1216,1.1534,1.1903,1.2313,1.2782,1.3306,1.3892,1.4548,1.5281,1.6093,1.6914,17.943
115.71,-16.22,1.3277,-16.267,-3.5425,-18.193,-13.634,14.769,7.2754,8.1333,5.0669,-2.3879,7.9801,1.0853,1.1172,1.1533,1.1947,1.2432,1.2986,1.362,1.436,1.5216,1.6164,1.709,1.7811,1.8203,17.943
108.61,-10.543,0.95921,-12.296,-3.5033,-11.674,-11.157,17.509,-1.2088,7.4125,0.6864,3.5514,0.99221,1.0871,1.1129,1.1423,1.176,1.2125,1.254,1.2999,1.3524,1.4105,1.4736,1.5376,1.5962,1.6424,17.943
108.92,-12.006,3.0754,-12.047,-4.3452,-8.8703,-13.075,17.432,5.0379,11.674,3.3251,3.152,-4.27,1.0683,1.0902,1.1157,1.1444,1.1774,1.2143,1.2565,1.3031,1.3545,1.4097,1.4689,1.5305,1.5864,17.943
123.28,-16.283,1.8237,-13.715,-8.5238,-12.585,-9.2325,17.721,-2.216,7.7035,5.0501,-1.4212,9.4822,1.0935,1.1234,1.1588,1.1999,1.2456,1.2973,1.3543,1.4174,1.4882,1.5676,1.6553,1.7455,1.8204,17.943
118.61,-16.861,-0.33069,-16.376,-12.088,-13.477,-12.438,19.734,4.2893,7.7659,3.6909,2.2889,10.157,1.0659,1.0899,1.1161,1.147,1.182,1.2226,1.2682,1.3197,1.3772,1.441,1.5116,1.588,1.663,17.943
110.46,-9.6627,-0.68076,-9.6502,-8.2038,-4.9255,-6.364,11.654,-3.8577,13.651,5.8233,2.5907,-1.2924,1.0763,1.1005,1.1276,1.1578,1.1915,1.2287,1.2703,1.3163,1.366,1.4195,1.474,1.5266,1.5744,17.943
117.02,-15.016,0.9827,-11.685,-5.0213,-11.845,-13.703,17.318,1.529,9.1712,2.4115,0.56699,9.9966,1.0737,1.0996,1.1287,1.1623,1.1999,1.2429,1.2912,1.3459,1.4067,1.4733,1.5427,1.6122,1.6713,17.943
115.87,-16.139,2.766,-14.837,-5.6548,-9.0035,-18.098,15.254,6.0004,3.8537,5.8899,4.3838,-2.22,1.0757,1.1045,1.1386,1.1779,1.2235,1.2758,1.3365,1.4068,1.4885,1.5836,1.6897,1.7878,1.8516,17.943
112.84,-13.175,2.3493,-11.038,-9.5505,-3.2888,-12.926,10.151,0.010643,15.368,-1.0423,9.4254,3.0143,1.0678,1.0916,1.1188,1.1499,1.1847,1.224,1.2685,1.3186,1.3746,1.4368,1.5047,1.5773,1.6498,17.943
110.6,-13.835,2.1546,-9.5113,-5.4334,-9.9874,-9.3267,19.29,-3.0994,6.9622,0.27602,1.6188,5.4063,1.0629,1.0866,1.1126,1.1442,1.1791,1.2198,1.2661,1.319,1.3795,1.4488,1.5279,1.6158,1.7068,17.943
122.52,-16.313,-0.23008,-12.604,-8.2843,-13.936,-13.388,26.774,2.7758,10.042,-0.63144,0.70866,12.77,1.0645,1.0873,1.1118,1.1415,1.174,1.2116,1.2531,1.3,1.3513,1.4076,1.4678,1.529,1.585,17.943
111.41,-10.178,-2.5345,-10.029,-7.2666,-8.5089,-10.906,20.478,-0.044529,4.2748,0.20298,5.087,4.7294,1.0585,1.0799,1.1041,1.1318,1.1636,1.1996,1.2404,1.2857,1.3358,1.3902,1.4486,1.5087,1.5644,17.943
114.44,-12.462,2.7205,-11.153,-7.8488,-9.3665,-10.058,13.186,1.8874,8.6971,5.8886,2.8225,3.3419,1.0726,1.1001,1.1312,1.1665,1.2065,1.2512,1.3015,1.3576,1.4188,1.4847,1.5536,1.6227,1.6826,17.943
120.04,-16.844,1.9433,-13.7,-5.8419,-8.8928,-15.19,17.002,4.7491,6.638,3.7755,0.8966,12.826,1.062,1.0856,1.1134,1.1447,1.1806,1.2205,1.2659,1.317,1.3744,1.4393,1.5122,1.5927,1.6753,17.943
114.57,-13.782,3.1123,-9.036,-5.2795,-11.036,-12.488,18.833,-3.0929,4.7568,1.7145,-2.6524,6.3854,1.0705,1.0948,1.1223,1.1538,1.1893,1.2288,1.2731,1.3226,1.3774,1.4369,1.5007,1.5664,1.628,23.533
119.51,-15.823,-0.14765,-11.687,-3.6443,-11.077,-16.614,19.389,1.746,12.178,-1.9231,-2.1416,7.1321,1.062,1.0856,1.113,1.144,1.1794,1.2196,1.265,1.3162,1.3741,1.4398,1.5133,1.5945,1.6806,23.533
111.36,-10.884,-1.2465,-9.9753,-4.8696,-8.5228,-8.6299,12.545,-2.3536,13.769,-1.9863,2.9727,2.2666,1.0739,1.0973,1.1243,1.1547,1.1894,1.2286,1.2728,1.3219,1.3763,1.4355,1.4987,1.5621,1.6172,23.533
112.15,-11.69,3.3238,-10.514,-7.8141,-10.929,-12.853,11.56,1.0464,13.965,0.047431,2.4147,1.0948,1.0666,1.0877,1.1134,1.1425,1.1763,1.2148,1.2579,1.306,1.3588,1.4168,1.4787,1.541,1.5963,23.533
123.7,-16.591,0.57363,-10.979,-11.379,-9.4494,-14.707,21.389,-4.5837,12.168,-0.38856,-0.85049,6.6231,1.0976,1.1291,1.165,1.2049,1.2495,1.3004,1.3567,1.4211,1.4934,1.5743,1.6623,1.7464,1.8067,23.533
120.45,-16.317,-1.0664,-11.78,-16.331,-8.5298,-17.28,22.777,0.82388,12.972,0.73567,2.6354,7.95,1.059,1.0807,1.1048,1.1333,1.1658,1.2032,1.2459,1.2946,1.3505,1.415,1.4903,1.5795,1.6855,23.533
111.42,-10.479,0.41838,-7.3325,-8.016,-11.129,-11.242,9.2124,-1.4007,15.064,4.9241,2.6856,-6.1016,1.0705,1.0938,1.1214,1.1519,1.1867,1.225,1.2673,1.3137,1.3646,1.4198,1.4769,1.5319,1.5809,23.533
115.93,-15.084,3.478,-12.138,-6.5458,-13.923,-13.101,16.511,2.7984,11.831,1.4708,4.4126,8.9668,1.0811,1.111,1.145,1.1841,1.2283,1.2785,1.3361,1.4007,1.4729,1.552,1.6318,1.6993,1.7466,23.533
114.74,-15.048,2.8269,-13.466,-4.3387,-9.5906,-19.874,9.5164,6.5963,8.2044,-0.096764,3.0083,-1.6715,1.0772,1.1049,1.1392,1.1777,1.2234,1.2747,1.335,1.4046,1.4862,1.5821,1.6898,1.7895,1.8493,23.533
114.53,-13.075,1.9376,-9.6178,-8.5842,-10.172,-7.2953,11.313,-2.3702,15.762,2.6882,2.2098,2.4198,1.0721,1.096,1.1234,1.1545,1.1896,1.2291,1.2734,1.3222,1.3761,1.4349,1.497,1.5581,1.6126,23.533
111.57,-12.58,4.0309,-8.7261,-7.4169,-12.274,-9.0616,15.396,-3.8289,5.4793,3.3325,3.2901,3.1303,1.0779,1.1035,1.1346,1.169,1.2083,1.2518,1.3007,1.3555,1.4166,1.4852,1.5623,1.6484,1.7361,23.533
123.46,-16.75,1.6038,-13.29,-9.2712,-15.065,-9.8281,24.951,3.0653,8.2924,0.32702,0.38892,11.88,1.0709,1.0961,1.1264,1.1599,1.1977,1.2399,1.2866,1.3379,1.3938,1.454,1.5172,1.5795,1.6329,23.533
113.61,-10.682,-2.1367,-11.091,-6.1372,-7.5043,-8.3894,16.887,1.6787,7.4683,-1.1227,3.9733,3.6103,1.0651,1.0877,1.1135,1.1429,1.1759,1.2125,1.2532,1.2976,1.3459,1.3965,1.4474,1.4946,1.5355,23.533
112.74,-11.081,0.82983,-11.956,-10.857,-11.652,-10.347,11.946,-4.9962,11.07,5.9142,6.8709,5.2121,1.0697,1.0964,1.1267,1.1613,1.1995,1.2429,1.2913,1.3452,1.4054,1.4708,1.5374,1.6008,1.6553,23.533
118.78,-16.581,1.5462,-14.482,-7.5019,-11.433,-15.728,15.885,2.7137,5.0484,5.2929,1.1588,12.191,1.0688,1.094,1.1245,1.1589,1.1983,1.243,1.2934,1.3504,1.4145,1.4867,1.5672,1.6528,1.7315,23.533
113.86,-12.957,5.6974,-10.475,-3.8234,-13.139,-8.0988,13.399,-1.4872,2.9255,4.7379,-1.5795,5.1977,1.0711,1.0968,1.1253,1.1589,1.1963,1.2394,1.2881,1.3426,1.4028,1.4694,1.5405,1.6139,1.6821,18.295
119.17,-15.928,1.8458,-16.303,-3.743,-16.448,-12.655,15.517,5.1159,9.3062,3.0098,-6.7159,9.9983,1.0882,1.119,1.1556,1.1962,1.2435,1.298,1.3607,1.4333,1.5145,1.6016,1.6899,1.7672,1.8154,18.295
109.83,-9.9011,0.4056,-8.3486,-3.8621,-10.408,-13.786,17.107,2.273,8.9283,4.175,2.26,-3.7428,1.0863,1.1134,1.1426,1.1765,1.2139,1.2545,1.2982,1.3439,1.3919,1.4415,1.4919,1.5392,1.5781,18.295
112.32,-11.852,4.4294,-11.415,-7.9679,-12.614,-15.384,11.44,-0.57846,8.105,5.0718,4.7315,-5.2032,1.0613,1.0813,1.1048,1.1309,1.1616,1.1956,1.2346,1.2775,1.3254,1.3774,1.4328,1.4898,1.5428,18.295
122.62,-15.813,0.75707,-13.525,-7.1473,-11.768,-12.463,17.946,-1.6016,9.1211,2.0305,-3.911,9.1211,1.086,1.1145,1.1474,1.1859,1.2305,1.2821,1.3413,1.4101,1.4896,1.578,1.6705,1.7542,1.8066,18.295
120.22,-16.325,-1.5196,-15.828,-12.63,-12.23,-16.001,17.889,3.5014,8.548,3.5173,-0.031294,9.7921,1.0728,1.097,1.1255,1.1566,1.1922,1.2316,1.2756,1.3246,1.3804,1.4431,1.5148,1.5953,1.6792,18.295
111.16,-10.22,1.8896,-7.7782,-7.8466,-8.896,-8.6668,9.4913,-0.37578,12.861,3.5175,4.8697,-3.3744,1.0843,1.1105,1.1409,1.1741,1.2113,1.2521,1.2976,1.3475,1.4011,1.4564,1.5121,1.5663,1.6143,18.295
117.4,-14.257,1.9829,-9.7789,-5.2754,-12.545,-14.736,18.261,0.26534,10.316,4.1696,2.8146,6.3561,1.0734,1.0971,1.127,1.1603,1.1988,1.2425,1.292,1.3479,1.4104,1.48,1.554,1.6279,1.6922,18.295
114.04,-14.081,2.4225,-11.345,-3.3604,-8.4707,-19.098,11.124,3.4711,5.4766,0.28271,8.0667,-0.89037,1.0774,1.1054,1.1375,1.174,1.2162,1.2643,1.3188,1.3812,1.452,1.5323,1.6213,1.7072,1.7684,18.295
111.65,-10.068,2.1848,-11.405,-7.4043,-6.4073,-7.9229,5.3714,2.3753,10.963,1.5947,9.9707,-3.7486,1.0759,1.1023,1.1307,1.1629,1.1975,1.236,1.2785,1.3252,1.3757,1.4296,1.4832,1.5316,1.5702,18.295
110.27,-12.493,4.4231,-8.9558,-6.5101,-9.8899,-10.214,14.165,-5.1045,8.9564,2.081,4.3195,1.129,1.0796,1.1053,1.1325,1.1654,1.2016,1.2445,1.2921,1.3467,1.409,1.4798,1.5607,1.6505,1.7428,18.295
123.67,-16.827,-0.6915,-12.805,-12.179,-12.819,-15.56,22.694,1.1645,13.506,-2.123,-0.0072689,10.315,1.0782,1.1038,1.1319,1.1629,1.1974,1.2356,1.2781,1.3254,1.3779,1.437,1.5029,1.5739,1.6456,18.295
111.7,-11.748,-3.227,-10.875,-9.2094,-6.1852,-10.618,23.969,1.8099,11.748,-1.0372,4.4243,1.7691,1.0738,1.0962,1.1222,1.1501,1.1818,1.2167,1.2554,1.2974,1.3427,1.391,1.4411,1.4886,1.5274,18.295
112.74,-11.262,0.021025,-11.074,-9.1285,-8.8098,-11.005,11.315,-1.554,11.101,7.7498,6.2804,1.3689,1.0715,1.0962,1.1238,1.1556,1.191,1.2308,1.2761,1.3266,1.3821,1.4431,1.5074,1.5741,1.6365,18.295
117.88,-15.671,2.676,-12.677,-4.6397,-10.111,-16.458,15.796,3.9488,6.2026,3.9461,-0.87638,9.769,1.0693,1.0967,1.1274,1.1633,1.204,1.2501,1.302,1.3606,1.4262,1.4997,1.5802,1.6628,1.7355,18.295
113,-13.476,3.2945,-9.9867,-2.2913,-11.89,-8.0257,16.423,-1.2552,4.0783,3.1782,-0.93399,4.7192,1.0722,1.0972,1.1259,1.1591,1.1974,1.241,1.2907,1.3469,1.4101,1.4801,1.5548,1.6298,1.6989,17.945
120.98,-16.162,-0.68845,-16.646,-4.1846,-15.953,-12.754,17.889,4.235,8.59,1.9033,-3.9375,9.2635,1.0843,1.115,1.1492,1.188,1.2327,1.2826,1.3379,1.4004,1.4698,1.5442,1.6201,1.6924,1.7457,17.945
109.18,-10.066,-1.269,-6.1508,-5.4725,-12.248,-9.6383,14.885,-0.58954,4.9927,-2.5006,1.9359,0.48131,1.0852,1.1114,1.1419,1.1763,1.2141,1.2561,1.3018,1.3511,1.4023,1.4544,1.5044,1.5471,1.5808,17.945
113.44,-12.733,2.3866,-11.078,-7.202,-10.071,-11.83,10.908,3.2176,10.452,3.4535,1.7959,-0.18754,1.0629,1.0837,1.1072,1.1333,1.1634,1.1969,1.2348,1.2763,1.3221,1.3712,1.423,1.4753,1.5221,17.945
122.27,-15.651,1.7351,-13.356,-6.6666,-10.105,-12.328,18.144,-1.3187,7.3669,2.3997,-0.90562,9.8859,1.0781,1.109,1.1434,1.1839,1.2295,1.2828,1.3431,1.4123,1.4901,1.5766,1.6684,1.7504,1.8061,17.945
121.36,-15.723,0.60111,-15.308,-10.538,-10.678,-15.03,18.181,1.0493,7.7331,3.8501,1.2207,8.3863,1.065,1.0882,1.1162,1.1473,1.1833,1.2232,1.2685,1.3193,1.3768,1.4421,1.5164,1.5998,1.6856,17.945
112.11,-11.032,1.1486,-7.9102,-7.6443,-7.2156,-9.2267,15.892,-4.938,9.1117,2.5778,4.575,-3.0335,1.0714,1.0938,1.12,1.1496,1.1832,1.2204,1.2627,1.3101,1.3629,1.4215,1.4853,1.5525,1.6169,17.945
116.71,-15.21,3.6166,-13.273,-3.9614,-14.75,-11.471,16.017,1.8163,11.974,2.8137,3.2127,11.976,1.0829,1.1137,1.1487,1.1891,1.2356,1.2886,1.3489,1.4181,1.4955,1.5818,1.6697,1.7425,1.7905,17.945
112.22,-14.568,1.7962,-12.276,-3.0769,-11.16,-12.227,10.242,7.0936,7.563,-0.41168,5.2531,2.3843,1.0796,1.1067,1.1384,1.1747,1.2157,1.2621,1.3143,1.373,1.4394,1.5135,1.5913,1.6627,1.713,17.945
111.6,-12.025,-1.8524,-8.3253,-8.2543,-8.9975,-2.9905,9.481,-1.9305,13.453,6.1625,5.625,-6.1129,1.0685,1.0929,1.1189,1.1489,1.182,1.2184,1.2586,1.3017,1.3476,1.3943,1.4388,1.4797,1.5146,17.945
109.55,-12.306,3.335,-9.755,-6.9712,-10.954,-8.7204,12.832,-5.2148,6.8358,2.3445,5.8157,-1.9051,1.0917,1.1188,1.1516,1.1867,1.2271,1.2707,1.3203,1.3758,1.4373,1.5067,1.5831,1.6641,1.7393,17.945
123.66,-17.486,0.15457,-13.762,-10.416,-15.722,-13.762,22.027,2.9138,11.447,1.7023,-0.86268,12.184,1.0674,1.0909,1.1208,1.1536,1.1921,1.2348,1.2832,1.3374,1.3975,1.4646,1.5383,1.6176,1.6944,17.945
113.28,-12.699,-1.2749,-12.373,-6.3748,-7.7149,-10.304,22.336,3.2279,7.5943,0.089334,2.1049,1.7626,1.0831,1.1097,1.1391,1.1711,1.2066,1.2455,1.2882,1.3343,1.3821,1.4309,1.48,1.5266,1.567,17.945
110.84,-11.247,2.3554,-8.9903,-8.1775,-11.248,-13.41,10.629,-3.8971,15.873,7.825,1.6131,-5.2471,1.0817,1.1106,1.1435,1.1809,1.2228,1.2703,1.3232,1.3822,1.4481,1.5204,1.5928,1.6592,1.7119,17.945
116.43,-16.064,4.2093,-10.555,-4.9333,-13.716,-17.142,16.525,4.9411,9.0892,4.3122,0.95415,8.1348,1.0702,1.0988,1.1305,1.1684,1.2103,1.259,1.3132,1.3748,1.4448,1.5238,1.61,1.6979,1.7712,17.945
112.42,-13.007,2.9256,-10.873,-2.3201,-9.8232,-8.1942,13.995,-2.9358,7.2059,3.5152,-2.1544,4.6869,1.0745,1.1011,1.1319,1.1659,1.2046,1.2479,1.2963,1.3508,1.4118,1.48,1.5551,1.6333,1.707,19.947
121.54,-15.781,1.0272,-15.415,-3.8386,-14.208,-11.581,19.063,4.8217,10.392,1.3236,-4.2663,9.7349,1.0798,1.1095,1.1417,1.179,1.2205,1.2679,1.3221,1.3826,1.4499,1.522,1.5982,1.6743,1.7339,19.947
109.89,-10.03,-1.3872,-8.7881,-4.2897,-5.2676,-11.501,16.716,2.1851,4.4956,-0.5816,2.4145,-3.5913,1.0839,1.1104,1.1388,1.1708,1.207,1.2472,1.2927,1.3425,1.3964,1.4539,1.513,1.5684,1.6135,19.947
113.26,-11.879,2.8714,-11.212,-6.8315,-9.9323,-11.514,13.517,2.0271,6.6969,2.8906,3.5317,0.093522,1.0707,1.0939,1.1203,1.15,1.183,1.2207,1.2623,1.3085,1.3581,1.4113,1.4669,1.5228,1.5737,19.947
120.26,-16.022,2.3507,-13.942,-6.2524,-12.032,-12.357,19.812,-0.73974,5.7167,3.7249,-0.41,13.702,1.0757,1.105,1.1362,1.1729,1.214,1.2614,1.3154,1.3759,1.4439,1.5195,1.5985,1.6759,1.7406,19.947
120.32,-15.923,2.2078,-16.089,-10.325,-13.411,-15.208,19.724,2.3424,6.3377,6.3397,2.079,9.9782,1.0705,1.0954,1.1254,1.1592,1.1978,1.2413,1.2898,1.3439,1.4039,1.4704,1.5435,1.6213,1.6925,19.947
111.61,-11.995,3.935,-10.725,-7.0202,-7.1538,-12.074,14.368,-1.6318,7.8227,1.1396,3.8768,0.38671,1.0797,1.1057,1.1353,1.1692,1.2087,1.2538,1.3048,1.3619,1.4254,1.4959,1.5723,1.6501,1.7174,19.947
116.78,-14.925,2.3049,-12.328,-4.1454,-15.582,-10.7,19.449,-1.3658,6.3475,1.4691,5.5985,11.267,1.0822,1.1131,1.1478,1.1879,1.2339,1.2863,1.3454,1.4124,1.4885,1.5737,1.6604,1.7351,1.785,19.947
112.19,-13.729,-0.68025,-14.13,-1.5244,-11.567,-13.219,14.854,6.2987,5.1738,2.0574,2.9494,5.147,1.0957,1.119,1.1447,1.1735,1.2051,1.2398,1.2779,1.3202,1.3654,1.4127,1.4602,1.5045,1.541,19.947
107.7,-10.997,3.4524,-11.071,-9.8047,-8.7435,-6.4897,16.6,2.1373,11.881,5.9999,5.125,-5.7677,1.0718,1.0972,1.1251,1.1569,1.1926,1.2325,1.277,1.3271,1.3829,1.4433,1.507,1.5688,1.6247,19.947
109.06,-12.657,5.0777,-9.6245,-6.8751,-10.477,-9.2217,15.167,-2.4003,8.4095,-2.1545,4.9357,-2.7865,1.0688,1.0952,1.1257,1.1612,1.2021,1.2489,1.3018,1.3622,1.4305,1.5072,1.5928,1.6821,1.7594,19.947
123.87,-17.09,-0.12341,-11.246,-14.526,-12.261,-13.162,26.252,-1.3657,10.611,-1.3918,3.6552,11.091,1.0662,1.0908,1.1181,1.1496,1.1846,1.2241,1.2683,1.318,1.3736,1.4369,1.5093,1.5926,1.6856,19.947
113.67,-12.086,-0.64163,-9.8954,-9.5074,-4.9776,-10.251,26.474,2.0941,6.382,-3.1448,1.6152,1.1486,1.0663,1.0875,1.1123,1.1407,1.1732,1.2096,1.2503,1.2952,1.344,1.3946,1.4456,1.4941,1.5366,19.947
111.84,-11.568,0.94987,-11.818,-8.9743,-11.458,-10.993,10.861,-3.894,7.5527,8.645,4.0252,1.5548,1.0683,1.0934,1.1209,1.1535,1.1892,1.2299,1.2748,1.325,1.3804,1.441,1.5067,1.5757,1.6409,19.947
117.29,-16.187,2.7441,-12.116,-3.2826,-10.354,-18.177,14.466,4.5696,6.7123,2.793,-0.33538,7.7589,1.0763,1.1043,1.1382,1.177,1.222,1.2735,1.333,1.4008,1.4779,1.5652,1.659,1.7487,1.8125,19.947
111.97,-12.471,3.2634,-9.833,-1.7672,-10.346,-7.7637,15.702,-2.0399,7.7968,4.4283,-5.222,2.8556,1.08,1.1053,1.1359,1.1698,1.2085,1.2512,1.2986,1.3508,1.4078,1.4691,1.533,1.5953,1.6485,17.936
121.2,-16.89,2.3602,-14.148,-5.7775,-18.245,-12.091,23.037,5.0889,8.331,1.4077,-3.9924,11.432,1.076,1.1029,1.1337,1.1683,1.2077,1.2521,1.3019,1.3585,1.4211,1.49,1.5652,1.6447,1.7148,17.936
110.69,-11.014,-0.31428,-8.5123,-2.844,-7.8102,-12.12,17.015,5.9063,8.527,-1.4404,-2.0132,-4.4723,1.0779,1.106,1.1368,1.1714,1.2102,1.2535,1.302,1.356,1.4153,1.4803,1.5491,1.6147,1.6653,17.936
112.6,-13.256,3.277,-10.694,-7.3077,-11.082,-11.501,13.917,3.0305,7.6432,3.7195,-0.37383,-1.1128,1.07,1.0935,1.1187,1.1481,1.1802,1.2164,1.2568,1.3013,1.3502,1.4026,1.4571,1.5124,1.5629,17.936
119.4,-16.899,1.7289,-13.03,-4.9011,-10.581,-15.045,19.07,3.0013,7.3193,1.9104,-0.97729,11.92,1.0728,1.1,1.1309,1.1674,1.2085,1.2556,1.3083,1.3678,1.4345,1.507,1.5839,1.6589,1.7218,17.936
119.49,-16.936,0.73799,-16.932,-10.888,-12.016,-17.325,19.197,3.4987,10.665,7.57,1.819,10.159,1.0656,1.0892,1.1187,1.1509,1.189,1.2307,1.2783,1.3312,1.3902,1.4563,1.53,1.6102,1.6852,17.936
109.38,-10.445,3.2032,-8.9453,-6.82,-4.0109,-12.417,12.633,-7.784,14.872,10.946,-0.064069,-3.207,1.0676,1.0922,1.119,1.1511,1.1864,1.2273,1.2731,1.325,1.383,1.4477,1.5182,1.5933,1.6665,17.936
115.77,-14.849,2.5208,-12.369,-2.2526,-13.766,-13.021,22.128,0.3923,11.557,2.8362,0.041605,13.372,1.0735,1.1031,1.1347,1.1719,1.2137,1.2609,1.3148,1.376,1.4445,1.5211,1.6014,1.6788,1.7388,17.936
111.19,-14.059,0.90506,-13.485,-0.28672,-13.114,-15.677,19.47,6.7802,10.441,0.8426,-0.84768,10.01,1.1129,1.1372,1.163,1.1914,1.2221,1.2563,1.294,1.3349,1.3791,1.4257,1.4727,1.5164,1.5532,17.936
111.03,-9.7876,-2.7911,-9.6975,-6.9103,-8.3325,-7.5663,15.015,-0.29443,15.599,7.2034,0.4642,3.42,1.0692,1.0923,1.1167,1.1445,1.1746,1.2088,1.2461,1.2869,1.3307,1.3764,1.4224,1.4665,1.5054,17.936
109,-12.429,3.0291,-10.289,-4.6899,-8.4744,-7.6811,14.281,-2.5628,9.6639,3.5538,5.4567,-4.9629,1.0824,1.1107,1.1442,1.1838,1.2282,1.2793,1.3372,1.4022,1.4755,1.5579,1.6487,1.7379,1.8063,17.936
124.38,-17.44,-0.72314,-15.971,-11.047,-14.447,-11.126,18.916,-1.6949,10.025,1.5623,0.1969,11.605,1.0812,1.1054,1.1351,1.1671,1.2041,1.2444,1.2895,1.3397,1.3952,1.4578,1.5279,1.6057,1.6847,17.936
114.03,-12.687,-0.91642,-12.58,-9.2392,-7.4027,-9.0428,24.523,3.448,3.7726,-2.0379,1.2699,0.53779,1.0723,1.0943,1.1195,1.148,1.1803,1.217,1.2583,1.3047,1.3561,1.4119,1.4692,1.5239,1.5705,17.936
111.91,-11.458,0.11094,-12.152,-6.9856,-5.9098,-6.3246,10.039,-2.467,12.776,6.9571,4.7877,0.80082,1.0709,1.0976,1.1278,1.1624,1.2016,1.2458,1.2961,1.3524,1.4156,1.4849,1.5602,1.6365,1.7018,17.936
117.94,-15.68,3.0692,-11.92,-4.572,-11.627,-15.177,18.507,4.2561,6.56,0.6564,2.0008,8.1681,1.0769,1.1037,1.1381,1.1762,1.2213,1.2726,1.3323,1.4011,1.4812,1.5739,1.6753,1.7674,1.8286,17.936
110.63,-13.227,2.8018,-8.9575,-3.4768,-8.7191,-6.4892,17.485,-4.624,9.3046,3.6827,1.7655,2.7618,1.0779,1.1056,1.1348,1.1698,1.2083,1.2516,1.3002,1.3538,1.4121,1.4742,1.5355,1.5916,1.6366,21.452
121.79,-17.132,0.62552,-13.254,-9.4585,-16.791,-14.125,22.622,4.6157,11.474,-1.7905,-2.342,13.041,1.0737,1.0966,1.1247,1.1556,1.1926,1.2337,1.2814,1.3353,1.3963,1.4657,1.5444,1.6323,1.7218,21.452
110.88,-10.991,-2.3625,-10.223,-6.8393,-7.6864,-11.491,18.291,1.4917,10.37,-0.95605,3.3165,3.4823,1.0804,1.104,1.1314,1.1618,1.1959,1.2341,1.2764,1.3234,1.375,1.4307,1.49,1.5506,1.6061,21.452
114.04,-13.215,1.5111,-11.531,-6.8987,-9.5919,-10.905,12.109,4.0393,12.034,2.6333,-0.64059,-0.71323,1.0672,1.0904,1.1171,1.1464,1.1801,1.2176,1.2596,1.3063,1.3578,1.4141,1.4744,1.5355,1.5898,21.452
119.62,-17.81,2.2458,-13.185,-5.5651,-8.2913,-13.971,19.908,4.0954,9.3901,4.9932,-0.19509,12.771,1.074,1.1019,1.1336,1.1702,1.2121,1.2591,1.3128,1.3721,1.4374,1.5084,1.5824,1.6553,1.715,21.452
122.38,-18.279,1.8318,-15.458,-10.916,-7.9252,-16.165,18.695,4.0216,12.104,8.7416,2.8556,7.2669,1.057,1.0797,1.1055,1.1355,1.1696,1.2084,1.2524,1.3025,1.3594,1.4247,1.4999,1.5859,1.6799,21.452
113.5,-14.04,3.5854,-10.959,-4.4504,-4.1192,-10.102,10.784,-1.8171,9.9084,6.1688,4.5701,0.32249,1.0755,1.103,1.1358,1.1727,1.2153,1.2633,1.3176,1.3784,1.4466,1.5226,1.6043,1.6862,1.7541,21.452
115.63,-16.17,4.4371,-10.858,-3.982,-15.823,-8.209,18.921,2.4402,4.935,3.0861,-0.29145,9.5948,1.0848,1.1158,1.1522,1.1931,1.2404,1.2947,1.357,1.4288,1.5107,1.6029,1.6954,1.7743,1.8221,21.452
113.15,-14.73,1.9859,-12.944,-0.52454,-12.538,-12.373,14.28,8.002,7.7121,4.311,-0.58293,1.8566,1.1046,1.1313,1.1608,1.1927,1.2273,1.2648,1.3049,1.3473,1.3922,1.4402,1.4905,1.5402,1.5835,21.452
110.7,-10.892,-2.3568,-11.342,-10.33,-8.1254,-8.7345,9.1567,1.5801,18.546,2.0303,3.0884,8.9387,1.0726,1.0954,1.1214,1.149,1.1807,1.2159,1.2552,1.2989,1.3463,1.3973,1.4498,1.5026,1.5504,21.452
110.34,-14.093,3.1557,-10.328,-3.5584,-9.0862,-13.656,12.123,2.1119,8.5163,1.6604,6.1615,-4.5981,1.1002,1.1328,1.1676,1.2069,1.2511,1.3007,1.3566,1.4197,1.4901,1.568,1.6517,1.7307,1.787,21.452
124.62,-17.524,-0.35612,-15.29,-11.503,-13.488,-12.611,16.233,-0.13542,11.31,3.7786,1.2559,11.689,1.0749,1.0978,1.1254,1.1564,1.1921,1.2325,1.2775,1.3283,1.3851,1.4486,1.5198,1.5981,1.6785,21.452
115.27,-13.683,-0.41956,-12.32,-11.822,-7.9994,-8.1632,19.359,1.6192,6.8767,0.75668,0.97553,0.94994,1.0696,1.0912,1.115,1.142,1.1723,1.2064,1.244,1.2855,1.3308,1.3792,1.4295,1.4778,1.5213,21.452
112.21,-11.261,-1.4916,-8.5038,-6.8382,-8.9701,-13.026,8.4448,-0.43011,14.193,8.5719,4.7267,-1.2185,1.0698,1.0943,1.1228,1.1547,1.1913,1.2322,1.2788,1.3311,1.3894,1.4544,1.5249,1.5974,1.6628,21.452
116.28,-15.238,3.6532,-10.957,-7.3463,-11.535,-14.736,17.425,4.1512,9.4999,-1.8659,3.7528,11.969,1.0747,1.1044,1.1381,1.1778,1.2228,1.2748,1.3345,1.404,1.4851,1.5799,1.6848,1.7807,1.8424,21.452
110.26,-11.746,3.1053,-9.7317,-3.0931,-10.623,-9.3045,16.976,-5.3216,7.0539,4.1564,-0.57584,5.6001,1.0853,1.1138,1.1471,1.1843,1.226,1.273,1.326,1.3838,1.4465,1.5102,1.5702,1.6201,1.6562,18.636
122.84,-16.563,-0.1216,-14.46,-7.1214,-14.397,-11.42,23.432,3.3875,9.4729,1.802,-1.0102,11.542,1.0697,1.0963,1.126,1.1608,1.1988,1.2428,1.2913,1.3459,1.4063,1.4736,1.5475,1.627,1.7036,18.636
111.64,-10.58,-2.6303,-11.188,-7.5216,-7.7307,-7.2509,20.222,1.0486,5.2346,2.758,6.2961,3.5077,1.089,1.1179,1.151,1.1883,1.2288,1.2736,1.3226,1.3758,1.4327,1.4922,1.5531,1.6103,1.6552,18.636
113.29,-10.764,1.987,-10.075,-9.7702,-9.1547,-9.7907,11.47,-3.362,9.4191,4.6787,3.849,-0.10796,1.0714,1.0934,1.118,1.1451,1.1755,1.2095,1.2472,1.2882,1.3325,1.3786,1.425,1.4701,1.5094,18.636
117.03,-16.105,2.2325,-12.346,-6.9452,-12.361,-14.661,22.261,2.9604,4.9308,5.3746,2.3461,17.295,1.0708,1.0965,1.126,1.1584,1.1956,1.2367,1.2831,1.3348,1.3929,1.457,1.5261,1.5956,1.6581,18.636
120.11,-16.708,2.335,-14.746,-11.14,-9.831,-16.837,18.63,6.7868,12.713,10.719,0.10298,11.002,1.0595,1.0814,1.1074,1.137,1.1706,1.2082,1.2513,1.2999,1.3549,1.4175,1.4891,1.57,1.6568,18.636
112.6,-13.862,3.3356,-9.5683,-6.1596,-9.7923,-10.577,12.055,0.59749,8.5612,3.5525,4.6854,8.2303,1.0706,1.0973,1.1271,1.162,1.2006,1.2451,1.2941,1.3486,1.4088,1.4724,1.539,1.6048,1.6634,18.636
116.13,-15.103,3.6087,-10.045,-5.5184,-15.867,-12.012,21.409,2.193,8.0501,-3.297,-3.0072,13.489,1.0776,1.104,1.1351,1.1709,1.211,1.2563,1.308,1.3657,1.4306,1.5028,1.5807,1.6603,1.7275,18.636
115.12,-14.384,0.53915,-12.625,-4.0639,-11.663,-14.245,15.932,6.4674,12.811,-1.7243,-5.2773,2.9112,1.0893,1.1139,1.1419,1.1734,1.2082,1.2471,1.2893,1.335,1.3821,1.4304,1.4774,1.5199,1.5548,18.636
110,-10.582,0.10208,-9.6872,-6.4355,-13.246,-11.548,17.818,1.8578,11.607,6.9967,2.3692,-1.6119,1.0704,1.0929,1.1173,1.1449,1.1755,1.21,1.2479,1.29,1.336,1.3859,1.4392,1.4928,1.542,18.636
111.37,-13.881,4.2596,-11.791,-5.1832,-12.322,-17.161,13.373,0.42154,6.7722,2.5393,6.453,-1.6633,1.0805,1.1112,1.1456,1.1861,1.2324,1.2858,1.3472,1.4187,1.5022,1.5989,1.7029,1.7999,1.8603,18.636
124.44,-17.743,-2.4264,-13.527,-13.398,-12.515,-16.146,19.511,-1.8403,12.829,1.4086,2.6741,8.8429,1.0622,1.0848,1.1116,1.1419,1.1762,1.2147,1.258,1.3064,1.3616,1.4241,1.4962,1.5788,1.6687,18.636
116.7,-13.094,-0.98217,-9.8578,-12.172,-6.7651,-13.125,21.157,2.7744,6.5686,0.65237,3.0235,3.3198,1.0742,1.097,1.1241,1.155,1.1899,1.2294,1.2732,1.3215,1.3734,1.4269,1.4805,1.5309,1.5753,18.636
111.01,-11.261,0.73916,-9.9118,-7.6687,-10.809,-12.771,6.9253,1.6415,15.904,7.0727,9.0693,-2.3379,1.0823,1.1119,1.1475,1.1871,1.2335,1.2864,1.3474,1.4168,1.4956,1.5825,1.6677,1.7369,1.7812,18.636
117.65,-15.041,2.3078,-13.262,-2.6579,-15.363,-13.878,17.378,3.8249,10.502,3.2304,6.2253,7.3413,1.0728,1.1014,1.134,1.1722,1.2155,1.2659,1.3238,1.3906,1.4681,1.5588,1.6585,1.7504,1.8136,18.636
110.87,-11.02,5.4928,-9.0925,-6.5062,-11.861,-7.3396,14.306,-3.9375,8.8346,3.8453,3.9249,0.69634,1.0746,1.0975,1.1231,1.151,1.1821,1.2161,1.2536,1.2936,1.3362,1.3806,1.4251,1.4672,1.5032,18.586
123.66,-17.051,0.058075,-14.996,-9.0798,-13.754,-10.704,23.087,4.1329,10.537,2.7941,-0.66062,12.917,1.093,1.118,1.1501,1.1829,1.2207,1.2613,1.3072,1.3583,1.4157,1.4795,1.5494,1.6234,1.6931,18.586
113.14,-11.279,-2.0824,-11.175,-7.706,-6.2414,-8.6742,20.967,4.7018,7.7503,-0.12095,4.0467,5.1088,1.085,1.1108,1.139,1.1708,1.2057,1.2461,1.2912,1.3427,1.4006,1.4654,1.5372,1.6127,1.6805,18.586
112.73,-11.514,1.9396,-9.3343,-11.395,-10.498,-11.437,12.86,-3.8308,8.8394,4.2974,11.629,3.2055,1.0738,1.0973,1.1238,1.152,1.1841,1.2185,1.2569,1.2987,1.3441,1.3929,1.4437,1.4952,1.5419,18.586
117.28,-16.188,2.9768,-12.54,-6.2085,-11.6,-16.061,16.205,1.6617,3.5578,3.4943,2.6184,15.038,1.0773,1.1041,1.1354,1.1707,1.2106,1.2551,1.305,1.3602,1.4211,1.4869,1.5565,1.6263,1.6861,18.586
118.8,-19.363,3.4181,-14.683,-11.332,-15.176,-18.216,21.853,8.9641,8.9139,7.8009,4.2657,14.989,1.0648,1.0917,1.1203,1.1548,1.1928,1.2364,1.2854,1.3401,1.4016,1.4711,1.5484,1.6317,1.7101,18.586
112.65,-14.461,3.7189,-8.3757,-6.1183,-6.6695,-11.79,14.753,-0.10903,8.8993,5.3884,7.7856,3.9792,1.0689,1.0955,1.1236,1.1566,1.1933,1.2346,1.281,1.3324,1.3897,1.4531,1.5221,1.5939,1.6621,18.586
116.79,-15.367,3.9985,-12.381,-1.4018,-17.031,-10.074,19.552,4.0413,5.7994,3.9199,-5.1031,11.396,1.0905,1.1207,1.1572,1.1981,1.2458,1.3011,1.3649,1.4393,1.5229,1.6095,1.6958,1.7698,1.8155,18.586
115.74,-15.666,0.71117,-17.431,-1.5247,-16.047,-14.976,17.988,8.5634,9.5716,4.6179,-8.3517,8.1879,1.0977,1.1276,1.1608,1.1967,1.2355,1.2777,1.3232,1.3722,1.4234,1.4759,1.5275,1.5738,1.6097,18.586
109.51,-10.92,2.2151,-7.1395,-8.9709,-13.181,-8.9713,14.624,5.8726,16.857,-4.0046,1.6762,6.5514,1.0627,1.0864,1.1125,1.1425,1.1762,1.2144,1.2564,1.3032,1.3541,1.4092,1.4678,1.5271,1.5799,18.586
112.69,-14.263,4.7718,-11.793,-6.8246,-13.29,-15.924,12.983,2.4838,5.5067,1.056,4.8353,4.0499,1.0784,1.1076,1.1421,1.1824,1.2285,1.282,1.3433,1.4124,1.4902,1.577,1.6709,1.7588,1.8175,18.586
124.04,-16.506,-0.41953,-14.667,-12.419,-10.118,-14.495,19.021,-3.5362,12.382,2.0915,1.7389,8.945,1.0631,1.0868,1.114,1.1447,1.1799,1.2188,1.2632,1.3132,1.3694,1.4337,1.5075,1.5909,1.6798,18.586
115.78,-14.906,1.2863,-13.178,-14.04,-8.8857,-14.369,19.036,0.022525,9.08,-2.1376,3.3728,4.6388,1.0773,1.1031,1.1353,1.172,1.2148,1.2638,1.3191,1.3808,1.4492,1.5225,1.5977,1.6701,1.7288,18.586
110.34,-11.053,2.7396,-10.416,-9.1389,-9.5265,-3.375,10.705,-2.5003,13.187,11.855,8.0246,-4.5238,1.0741,1.1009,1.1304,1.1645,1.2027,1.2456,1.2941,1.3477,1.4069,1.4722,1.5407,1.6106,1.6736,18.586
116.64,-14.308,2.1405,-12.296,-4.322,-11.953,-13.695,19.852,3.2448,14.805,1.4564,3.3628,14.145,1.069,1.0963,1.1258,1.1611,1.201,1.2468,1.2994,1.3588,1.4262,1.5016,1.5835,1.663,1.7238,18.586
109.7,-11.212,5.3987,-9.0176,-5.1084,-11.528,-10.336,17.144,-5.6865,9.0423,3.0494,2.1396,0.057973,1.0791,1.1036,1.1293,1.1582,1.1894,1.2243,1.2623,1.3033,1.3465,1.3905,1.4343,1.476,1.5135,20.713
124.47,-17.66,-0.65688,-12.43,-13.127,-13.114,-15.932,25.128,0.29411,11.237,-0.27005,2.6132,9.7386,1.0871,1.1143,1.1416,1.1741,1.2097,1.2506,1.2976,1.3511,1.4133,1.484,1.5626,1.6449,1.7212,20.713
112.47,-13.35,-2.7752,-10.064,-10.373,-6.1451,-13.728,27.566,4.6408,10.239,-4.2218,5.134,8.0329,1.0677,1.0912,1.1165,1.1461,1.1788,1.2162,1.2587,1.307,1.3627,1.4269,1.5015,1.5882,1.6868,20.713
111.89,-12.664,1.8075,-10.803,-9.1917,-11.347,-12.344,9.9088,1.1036,12.176,4.9855,1.863,5.8606,1.0644,1.0863,1.1118,1.1403,1.1736,1.2109,1.2539,1.3012,1.3541,1.4117,1.4728,1.5352,1.5935,20.713
118.79,-15.948,2.9005,-12.263,-3.6758,-10.579,-17.007,14.717,2.9071,5.6698,4.4999,0.50917,8.1925,1.0724,1.0972,1.1255,1.1586,1.1944,1.2359,1.2818,1.3329,1.3895,1.4518,1.5185,1.5879,1.6506,20.713
119.26,-17.019,4.8853,-14.92,-8.347,-8.1161,-15.44,15.404,4.5589,9.0662,8.8733,0.82968,6.5245,1.0688,1.0951,1.1266,1.1617,1.2026,1.2488,1.3019,1.361,1.4279,1.5024,1.5835,1.6668,1.7398,20.713
110.9,-13.299,5.2047,-8.7433,-8.1846,-4.6446,-13.171,12.09,-0.98537,15.553,-0.82789,-0.19151,3.3971,1.0728,1.0984,1.1278,1.1617,1.1997,1.2427,1.2915,1.3462,1.408,1.4773,1.5548,1.6376,1.7182,20.713
116.07,-16.127,4.5189,-13.384,-4.2885,-16.026,-7.8414,20.481,2.5013,7.0547,3.1341,-2.67,12.81,1.0852,1.1154,1.1505,1.1907,1.2376,1.2904,1.3523,1.4221,1.4991,1.5821,1.6674,1.7469,1.8017,20.713
117.76,-15.827,2.4424,-17.07,-4.6995,-13.783,-12.555,16.083,5.7974,9.557,3.8341,-4.1782,7.4215,1.0945,1.1235,1.1547,1.1897,1.2285,1.2724,1.3217,1.3765,1.4365,1.5017,1.57,1.6346,1.6823,20.713
109.76,-10.123,-1.0509,-9.9304,-5.912,-10.046,-11.208,15.13,0.40096,8.8511,-0.34354,0.66415,1.4177,1.081,1.1039,1.1298,1.158,1.1892,1.2235,1.2609,1.3019,1.3456,1.391,1.4364,1.479,1.5151,20.713
112.06,-14.186,2.0172,-13.549,-4.8694,-8.6633,-13.946,12.382,5.1366,7.5486,4.623,4.3319,3.7118,1.0799,1.1091,1.1432,1.1821,1.227,1.2782,1.3355,1.4008,1.474,1.5547,1.6367,1.7134,1.7702,20.713
124.35,-15.952,-0.67272,-13.614,-10.629,-9.854,-16.127,18.344,-3.6939,11.172,2.6856,-0.74506,9.3337,1.0543,1.0765,1.1014,1.1303,1.1632,1.2005,1.2426,1.2904,1.3448,1.407,1.4786,1.5608,1.6511,20.713
116.75,-13.67,-0.28621,-11.262,-11.988,-8.7111,-17.249,19.613,1.1241,8.0062,3.2297,-0.033732,4.8835,1.0803,1.1087,1.1406,1.1762,1.2163,1.2611,1.3116,1.3679,1.4302,1.4988,1.5731,1.6483,1.711,20.713
109.38,-11.9,4.5127,-10.648,-4.3181,-12.214,-11.528,17.081,-1.3612,10.736,-0.62775,5.678,0.34136,1.0824,1.1143,1.1501,1.1918,1.239,1.2946,1.358,1.4314,1.5155,1.6114,1.71,1.7887,1.8349,20.713
116.99,-15.889,3.7623,-13.536,-2.2903,-18.88,-12.171,20.033,2.9105,9.9546,4.3637,4.5669,11.513,1.1049,1.1314,1.1603,1.193,1.2291,1.2692,1.313,1.3606,1.4118,1.4661,1.5216,1.5749,1.6184,20.713
108.74,-11.617,5.1962,-11.611,-1.5957,-10.525,-10.712,11.354,-0.075019,9.1855,-0.010317,2.145,0.84606,1.0777,1.1011,1.126,1.1538,1.1848,1.22,1.2595,1.3031,1.3512,1.4024,1.4566,1.5105,1.5586,20.791
123.5,-17.035,-0.76628,-15.22,-10.389,-14.842,-13.133,21.703,1.3932,10.509,2.259,-0.33719,13.529,1.1066,1.1362,1.1692,1.2054,1.2474,1.2938,1.3477,1.41,1.4822,1.5657,1.6589,1.7479,1.8123,20.791
112.72,-12.622,0.42627,-12.086,-8.3956,-8.9843,-8.1503,24.905,3.9735,4.1675,-3.4597,4.4344,7.0778,1.0761,1.1013,1.13,1.1617,1.1973,1.2366,1.2807,1.3298,1.3854,1.4474,1.5165,1.5925,1.6681,20.791
111.69,-11.398,2.118,-11.141,-7.8569,-10.403,-9.7046,10.064,0.20878,9.7652,5.2004,2.8745,4.2288,1.0826,1.1101,1.1402,1.1734,1.2111,1.2522,1.2984,1.3495,1.4052,1.4637,1.5225,1.5775,1.6195,20.791
117.21,-17.276,3.7803,-12.269,-4.0103,-12.03,-17.194,14.824,4.6433,4.1127,0.88809,3.4431,13.197,1.0741,1.1017,1.1329,1.1685,1.2087,1.2545,1.3053,1.3624,1.4243,1.4913,1.5617,1.6311,1.6883,20.791
118.96,-17.314,4.8561,-12.742,-5.8118,-8.8355,-17.118,14.133,5.9153,7.5229,7.1522,4.233,3.2674,1.0755,1.1049,1.1386,1.1781,1.2236,1.2758,1.335,1.4027,1.4806,1.5692,1.6645,1.7547,1.8197,20.791
111.33,-13.011,2.186,-8.296,-7.2792,-3.6223,-14.777,9.2427,-4.1493,11.396,5.5053,9.1771,-3.1207,1.0693,1.0946,1.1224,1.1546,1.1911,1.2321,1.2788,1.3308,1.3888,1.4535,1.5243,1.5978,1.6674,20.791
116.67,-16.408,2.4815,-11.391,-5.0561,-14.959,-7.0654,22.201,1.5011,6.4834,0.86333,-0.67539,10.855,1.0778,1.1051,1.1353,1.1702,1.2096,1.2546,1.3054,1.3628,1.4273,1.4988,1.5771,1.6597,1.7319,20.791
119.9,-15.474,0.49222,-15.611,-4.7523,-13.22,-11.862,18.164,2.8069,7.739,1.5615,-3.562,5.4334,1.0968,1.1251,1.1566,1.1909,1.2292,1.272,1.3192,1.3709,1.4251,1.4817,1.5396,1.5932,1.6344,20.791
108.84,-9.4209,-0.87668,-8.1999,-5.6057,-8.587,-10.256,17.359,-0.79721,14.49,-0.31477,-5.5719,-2.9113,1.0749,1.0976,1.123,1.1512,1.1829,1.2186,1.2589,1.3034,1.3532,1.4067,1.4631,1.5197,1.5719,20.791
113.14,-14.851,3.2111,-9.2924,-4.5807,-10.244,-14.113,15.764,5.7407,7.6952,1.4292,-0.045981,4.3437,1.0735,1.1001,1.1321,1.1671,1.2085,1.254,1.3059,1.3641,1.4296,1.5026,1.581,1.6586,1.7237,20.791
123.47,-17.821,0.89322,-14.553,-11.067,-10.095,-17.646,17.669,0.97505,9.4306,4.8236,-3.1907,13.112,1.0578,1.079,1.1048,1.1336,1.1672,1.2045,1.2474,1.2955,1.3508,1.414,1.4871,1.5722,1.6686,20.791
117.58,-15.043,3.3276,-13.245,-12.122,-5.8287,-18.008,17.599,2.8623,10.012,2.0012,-0.96377,8.9614,1.0597,1.08,1.1037,1.1315,1.1636,1.2003,1.2422,1.29,1.3439,1.405,1.4739,1.5511,1.6355,20.791
108.27,-12.698,3.5977,-6.4931,-6.3024,-7.2179,-17.898,13.671,-3.8667,14.823,8.6165,1.075,-1.9441,1.079,1.1081,1.1416,1.1792,1.2221,1.2708,1.3248,1.3863,1.4559,1.5329,1.6126,1.686,1.741,20.791
116.39,-15.597,3.3447,-12.093,-4.8672,-15.754,-13.516,19.584,3.8088,12.05,-2.9345,-1.5557,14.577,1.1015,1.1285,1.1576,1.1914,1.2278,1.2687,1.314,1.3632,1.4155,1.4686,1.5204,1.5674,1.6053,20.791
108.53,-11.666,5.8127,-8.224,-3.6947,-11.817,-6.3426,15.516,-1.678,4.555,-1.4825,7.1447,-3.7757,1.0792,1.1014,1.1247,1.1509,1.18,1.2134,1.2504,1.292,1.337,1.3842,1.4325,1.4808,1.5238,18.693
124.42,-16.947,-0.14438,-14.314,-9.8102,-13.41,-10.153,21.206,0.082766,10.463,2.2251,-1.0567,9.544,1.0998,1.1345,1.172,1.2141,1.2609,1.3126,1.371,1.4371,1.5113,1.5937,1.6816,1.7612,1.8145,18.693
114.41,-12.58,-0.092333,-10.932,-7.8917,-7.6072,-9.7903,24.872,3.9766,3.5415,-1.6545,2.6504,3.8404,1.0688,1.0924,1.1209,1.1527,1.1888,1.2289,1.2741,1.3241,1.3806,1.4436,1.515,1.5947,1.6792,18.693
111.86,-10.765,0.29778,-11.942,-7.3917,-8.7399,-8.8926,11.268,-2.6936,8.8064,5.9588,5.6721,0.16458,1.0716,1.0942,1.1203,1.1499,1.1834,1.2213,1.2637,1.3104,1.3606,1.4116,1.4616,1.507,1.5428,18.693
118.15,-15.883,1.807,-12.256,-5.0364,-11.531,-16.761,16.175,3.1147,5.7862,2.6029,1.5937,7.6374,1.0691,1.0919,1.1202,1.1512,1.1874,1.2276,1.2732,1.3235,1.3796,1.4412,1.5079,1.5785,1.6466,18.693
116.35,-17.075,5.3471,-14.362,-8.6519,-8.4609,-17.818,9.3126,5.1334,8.0714,6.8926,7.605,1.9754,1.08,1.1079,1.1431,1.1824,1.229,1.2818,1.3436,1.4145,1.4975,1.5936,1.6984,1.7941,1.856,18.693
111.82,-11.6,3.3309,-10.116,-6.3557,-4.9015,-11.542,3.4312,4.1317,12.591,1.8007,5.9858,2.4473,1.079,1.1048,1.1361,1.1707,1.2107,1.2556,1.3062,1.3626,1.4242,1.4893,1.5542,1.6139,1.661,18.693
116.98,-15.079,3.139,-10.994,-5.4493,-12.714,-8.2823,19.064,0.37067,10.601,1.1172,-2.6224,11.138,1.0887,1.1161,1.1484,1.1835,1.2238,1.2678,1.3176,1.3733,1.4347,1.5036,1.5808,1.6651,1.7443,18.693
119.99,-15.939,1.0035,-14.274,-7.665,-13.319,-12.698,18.838,7.0459,10.509,-2.3046,-4.6662,10.954,1.0786,1.1072,1.1385,1.1748,1.2153,1.2602,1.3097,1.3631,1.421,1.4816,1.5434,1.6017,1.6491,18.693
108.87,-9.3765,1.1577,-6.7783,-6.6033,-11.779,-12.198,18.246,3.0674,11.065,-3.8987,3.2834,4.6338,1.0661,1.0887,1.1137,1.1427,1.1749,1.2111,1.2518,1.2971,1.347,1.4007,1.4567,1.5138,1.5662,18.693
113.12,-14.047,2.5485,-11.195,-6.5497,-10.703,-13.025,14.384,2.8392,6.7324,3.4443,0.48816,6.9334,1.0722,1.0994,1.1299,1.1653,1.2049,1.25,1.3013,1.3582,1.4208,1.4874,1.5568,1.6254,1.6849,18.693
122.05,-17.891,0.53474,-15.399,-9.179,-10.357,-16.022,19.341,0.997,8.3547,9.3901,-0.9272,10.733,1.0579,1.0811,1.1069,1.1371,1.1711,1.2098,1.2534,1.303,1.3593,1.4239,1.4982,1.5836,1.6765,18.693
118.75,-16.251,1.35,-14.871,-12.209,-8.5094,-16.823,15.387,-1.3686,7.9238,7.3793,3.4318,4.0465,1.0689,1.0917,1.1185,1.1484,1.1828,1.2208,1.264,1.3119,1.365,1.4243,1.49,1.5605,1.6303,18.693
111.13,-12.341,2.2227,-7.6203,-6.0082,-5.8733,-12.785,11.691,-1.2616,8.527,6.3016,3.1101,-0.51059,1.0811,1.1109,1.1427,1.1797,1.221,1.2681,1.3218,1.3831,1.4522,1.5285,1.6074,1.6817,1.7374,18.693
118.53,-15.194,2.0167,-11.711,-3.1014,-14.913,-13.342,18.758,1.2364,8.8716,2.1694,-0.40089,9.1773,1.09,1.1171,1.1455,1.1764,1.2095,1.246,1.2853,1.3274,1.3713,1.4163,1.4614,1.5047,1.545,18.693
109.91,-12.222,6.052,-10.475,-4.4342,-7.3259,-11.602,10.353,1.1581,7.5349,-2.4977,5.2917,-1.4626,1.0668,1.0881,1.1132,1.1404,1.1716,1.2062,1.2449,1.2873,1.3332,1.3821,1.4324,1.481,1.5235,17.42
124.68,-16.957,1.3053,-15.265,-9.5022,-14.363,-12.061,17.128,-0.77779,9.4441,2.8897,-3.1757,11.711,1.0873,1.1168,1.1509,1.19,1.2349,1.2863,1.3449,1.4125,1.4893,1.5761,1.6708,1.7595,1.8166,17.42
114.7,-13.868,1.2905,-12.588,-10.088,-8.1995,-10.138,19.79,5.1349,9.1968,-3.1108,-3.6798,5.6196,1.0717,1.0954,1.1249,1.1567,1.1937,1.2344,1.2805,1.332,1.3904,1.4565,1.5313,1.614,1.6954,17.42
111.13,-12.217,-0.9451,-8.8461,-9.898,-10.433,-14.443,7.2407,1.7368,12.09,9.5715,1.4562,3.0056,1.0694,1.093,1.1189,1.1478,1.1801,1.2161,1.2559,1.3001,1.3487,1.4015,1.4562,1.51,1.5603,17.42
117.77,-16.113,1.86,-12.499,-4.1999,-10.713,-15.947,16.623,5.82,11.86,1.3245,0.75474,7.9458,1.0648,1.0902,1.1174,1.1496,1.1853,1.2262,1.2721,1.3242,1.3827,1.4481,1.5202,1.597,1.6708,17.42
114.82,-15.819,2.3919,-12.931,-6.03,-6.8854,-14.802,11.257,4.1696,7.7463,5.7326,10.384,-1.9254,1.0756,1.1035,1.1375,1.1763,1.2215,1.273,1.3329,1.4022,1.4835,1.5786,1.6854,1.7812,1.8428,17.42
112.34,-9.855,0.43058,-10.038,-3.4669,-8.3192,-11.92,12.126,-4.2,11.266,6.2737,0.38147,-2.4684,1.0687,1.0924,1.1202,1.1513,1.1872,1.2273,1.2723,1.3217,1.3759,1.434,1.4959,1.556,1.6074,17.42
116.38,-15.798,3.3193,-11.731,-7.2358,-13.558,-5.0779,21.31,-1.9291,4.603,6.1162,2.1369,11.246,1.0933,1.1246,1.1589,1.1959,1.2359,1.2801,1.3279,1.3801,1.437,1.4981,1.5628,1.6287,1.6889,17.42
121.9,-16.768,-0.0097052,-17.175,-8.6476,-13.588,-10.736,19.173,1.7045,6.785,4.2653,-1.4906,7.833,1.0895,1.1186,1.1537,1.1914,1.2336,1.2792,1.3302,1.3859,1.4464,1.5122,1.5823,1.6533,1.7119,17.42
111.21,-9.8376,-2.9476,-9.2691,-11.03,-6.7172,-6.942,13.105,-2.5524,9.2494,3.8217,5.3493,-0.10032,1.0688,1.0904,1.1137,1.1402,1.1698,1.2039,1.2417,1.2837,1.3288,1.3764,1.4253,1.4719,1.5118,17.42
115.7,-13.781,3.8103,-11.323,-7.0907,-11.071,-12,12.415,-0.23841,3.3668,2.216,2.6482,8.1521,1.0705,1.0987,1.1293,1.1658,1.206,1.2531,1.3058,1.366,1.4334,1.5084,1.5895,1.6701,1.7362,17.42
121.62,-16.614,1.9826,-15.347,-8.1881,-9.7949,-15.738,17.394,1.7943,8.3538,6.4373,-1.4903,13.118,1.0612,1.0832,1.1096,1.1394,1.1737,1.212,1.2562,1.3054,1.3618,1.4258,1.4992,1.5821,1.671,17.42
118.59,-15.423,2.8282,-14.918,-9.2121,-7.2844,-15.731,14.969,-0.050636,8.3078,8.5625,1.206,8.9895,1.0856,1.1133,1.1438,1.1788,1.2181,1.2619,1.3111,1.3649,1.4235,1.4862,1.5502,1.6124,1.6681,17.42
112.49,-13.676,5.0002,-13.898,-5.2539,-7.8794,-10.184,10.499,-0.81603,12.054,2.429,5.7267,4.7846,1.0849,1.1162,1.1518,1.1929,1.2412,1.2967,1.3605,1.4331,1.5156,1.6086,1.7074,1.7989,1.8541,17.42
118.09,-16.444,3.1758,-13.824,-5.0339,-17.798,-8.961,20.639,3.004,5.2274,-1.2085,-1.4831,11.695,1.0899,1.1158,1.1455,1.1806,1.2193,1.2639,1.3132,1.3681,1.4267,1.4877,1.5469,1.5995,1.6392,17.42
111.96,-12.892,4.1528,-11.452,-5.3675,-10.345,-16.186,11.879,-1.0358,4.6069,-1.7777,4.9964,0.45782,1.0692,1.0919,1.1176,1.1469,1.1793,1.2163,1.257,1.302,1.3507,1.4019,1.4542,1.5031,1.5447,19.646
124.28,-17.815,-1.0561,-16.875,-10.153,-16.683,-15.892,16.197,-0.89938,9.0706,5.1837,-1.4198,12.673,1.0795,1.108,1.1417,1.1799,1.2248,1.2755,1.3344,1.4018,1.4784,1.5644,1.6584,1.7498,1.8164,19.646
116.33,-14.327,0.45923,-13.424,-9.356,-10.684,-12.206,20.33,1.7971,5.6824,3.1888,2.2536,2.6246,1.0664,1.0914,1.1202,1.1529,1.1899,1.2319,1.2787,1.3315,1.3903,1.4559,1.5288,1.6072,1.6822,19.646
110.92,-11.344,-0.14946,-10.29,-8.9459,-13.152,-12.025,7.1105,1.6151,15.666,5.6786,5.4105,3.3816,1.0754,1.0991,1.1272,1.1586,1.194,1.2337,1.2768,1.3238,1.3739,1.4251,1.4759,1.5231,1.563,19.646
118.78,-16.745,2.3945,-12.935,-4.6666,-15.545,-17.052,18.649,3.8155,10.86,2.323,2.2304,12.134,1.0632,1.0887,1.116,1.1487,1.1843,1.2254,1.2709,1.3224,1.3803,1.4453,1.5174,1.5962,1.6737,19.646
112.82,-15.523,1.6578,-9.4799,-4.1478,-4.1973,-15.514,9.2622,7.2748,13.972,-2.277,9.4815,0.40613,1.0758,1.1028,1.1352,1.1719,1.2144,1.2627,1.3183,1.3817,1.4545,1.5382,1.6323,1.7223,1.7853,19.646
111.57,-10.555,2.8984,-9.1608,-12.729,-5.4593,-6.7349,2.8987,0.10776,17.978,1.1356,1.5555,-1.9191,1.072,1.0949,1.1208,1.1506,1.185,1.2233,1.266,1.3133,1.3646,1.4194,1.4765,1.5303,1.5747,19.646
116.76,-15.705,3.6043,-12.975,-5.4659,-11.743,-7.5545,19.335,-1.362,7.2641,5.218,-1.9617,10.197,1.0933,1.1209,1.1521,1.1863,1.2246,1.267,1.3144,1.3672,1.4264,1.4919,1.564,1.6392,1.7063,19.646
122.75,-17.13,1.6579,-16.778,-7.4874,-12.887,-10.611,22.214,4.8233,9.6424,2.855,-3.0154,9.9451,1.0785,1.1042,1.1328,1.1662,1.2028,1.2449,1.2914,1.3442,1.4043,1.4726,1.5501,1.6353,1.7154,19.646
110.55,-9.9129,-1.9,-10.647,-9.2762,-4.0302,-7.6393,13.446,1.3923,11.885,2.5853,4.6253,4.8587,1.0805,1.104,1.1293,1.1567,1.1879,1.2223,1.2613,1.3046,1.3523,1.4034,1.4564,1.5095,1.5573,19.646
115.01,-13.153,5.2093,-11.039,-5.1591,-11.166,-14.403,12.744,1.3494,5.9395,5.7096,0.65484,5.3761,1.0734,1.1011,1.1327,1.1686,1.2097,1.2562,1.3087,1.3674,1.433,1.5037,1.5775,1.6497,1.7101,19.646
120.37,-16.74,2.0503,-13.937,-7.2002,-12.559,-18.217,17.366,5.0133,5.2237,4.8547,-1.4536,11.25,1.0629,1.0888,1.116,1.149,1.1849,1.2267,1.2723,1.3245,1.3828,1.4488,1.5227,1.6036,1.6824,19.646
118.14,-15.169,3.2442,-13.131,-8.6762,-8.6877,-16.685,14.411,2.7154,9.0097,5.4914,-1.122,8.3995,1.0701,1.0935,1.1212,1.1531,1.1886,1.2289,1.2733,1.3232,1.3785,1.4383,1.5029,1.5693,1.6349,19.646
109,-12.849,2.4999,-10.236,-7.3228,-7.4751,-11.839,11.336,2.8002,10.22,4.3479,6.755,0.35153,1.0809,1.1092,1.1424,1.1802,1.2232,1.2711,1.3257,1.3863,1.4542,1.5277,1.6045,1.6795,1.7363,19.646
119.99,-16.344,1.9157,-13.268,-4.755,-17.898,-12.87,19.993,3.3041,7.1208,-1.5359,-4.3363,11.674,1.0767,1.1016,1.1279,1.1581,1.1911,1.2273,1.2677,1.3126,1.3622,1.4159,1.4711,1.5218,1.5626,19.646
113.17,-13.387,6.0816,-12.517,-7.4718,-8.7653,-13.268,11.56,0.86595,7.8272,-1.8449,4.1868,5.3399,1.0681,1.0895,1.114,1.1412,1.1728,1.2079,1.2473,1.2906,1.338,1.3893,1.4438,1.498,1.5456,19.02
124.06,-16.948,-0.619,-16.258,-10.117,-12.206,-13.577,16.835,-0.29023,10.132,4.9839,-1.8365,11.037,1.0755,1.1041,1.1377,1.1771,1.2214,1.2731,1.3309,1.3975,1.4723,1.5575,1.6519,1.7435,1.8111,19.02
116.89,-13.883,1.4926,-12.296,-9.8104,-7.4542,-13.135,18.06,3.4104,7.5925,0.99802,0.21769,5.3951,1.0661,1.0897,1.1181,1.1491,1.1852,1.2245,1.2693,1.319,1.3746,1.4374,1.5079,1.5859,1.6648,19.02
110.39,-11.216,1.8589,-13.638,-11.134,-9.1302,-8.829,8.1676,-3.9754,15.341,5.5678,5.0229,3.7442,1.0661,1.0899,1.1163,1.1464,1.1808,1.2206,1.2657,1.3167,1.3735,1.4358,1.5029,1.5725,1.6386,19.02
119.5,-16.4,2.2567,-13.529,-4.8082,-12.643,-15.363,15.208,3.4876,11.126,1.1442,1.2552,13.029,1.0655,1.0897,1.1174,1.1492,1.1853,1.2263,1.2726,1.3247,1.3833,1.449,1.5214,1.5997,1.6765,19.02
110.53,-15.058,-0.56446,-12.906,-4.7845,-6.2858,-18.058,8.0357,5.0885,9.1667,-0.75988,14.068,7.1664,1.0744,1.101,1.1312,1.1651,1.2036,1.2467,1.2955,1.3508,1.4133,1.4826,1.5566,1.6304,1.6876,19.02
110.63,-9.4357,0.50233,-11.175,-6.2555,-5.8824,-9.7267,11.734,-2.3447,14.534,7.2245,-1.9684,-0.54115,1.0771,1.102,1.1299,1.1608,1.1958,1.2346,1.2782,1.327,1.381,1.4384,1.4968,1.5531,1.6019,19.02
116.08,-14.2,2.6162,-8.2412,-8.1775,-11.189,-11.861,22.954,-4.1536,10.738,-0.87147,0.090407,9.3464,1.1105,1.1452,1.1819,1.2223,1.2665,1.3138,1.3671,1.4252,1.4899,1.5607,1.6372,1.716,1.786,19.02
123.39,-16.321,-0.57527,-11.302,-11.388,-11.44,-15.538,25.541,3.6799,13.498,-4.0491,-0.63689,8.2245,1.0584,1.0802,1.106,1.1359,1.1699,1.2086,1.2524,1.3019,1.3584,1.4226,1.4965,1.5814,1.6756,19.02
111.19,-11.249,-2.9095,-8.2119,-6.4334,-6.615,-9.0982,18.66,2.363,12.911,2.1693,3.5477,1.9613,1.0669,1.0895,1.1159,1.1458,1.1799,1.2187,1.2623,1.311,1.3636,1.4199,1.4781,1.5343,1.5836,19.02
113.39,-12.323,3.667,-8.2155,-6.89,-13.126,-14.99,12.742,-2.2276,9.6687,1.2729,3.1373,4.1467,1.0745,1.1039,1.1349,1.1713,1.2114,1.2563,1.3068,1.3634,1.4272,1.4969,1.5696,1.6393,1.696,19.02
117.01,-16.95,1.1326,-15.373,-9.0047,-12.93,-19.023,13.869,3.0397,7.9802,4.4811,1.9594,9.5356,1.0756,1.1021,1.1332,1.1673,1.2072,1.2511,1.3005,1.3559,1.4179,1.4875,1.5641,1.6437,1.7139,19.02
115.51,-15.32,1.9586,-14.416,-10.703,-10.096,-17.514,12.939,0.46425,9.0031,5.0278,2.0446,6.4233,1.07,1.0961,1.1255,1.1586,1.1963,1.2387,1.2868,1.3406,1.4011,1.4681,1.5409,1.6169,1.6886,19.02
108.07,-12.615,4.0556,-7.0987,-6.5447,-9.246,-9.5379,12.231,-2.6736,13.479,4.2892,5.6308,-0.41925,1.0667,1.0922,1.1199,1.1527,1.1895,1.2322,1.2806,1.3356,1.3981,1.4687,1.5479,1.6351,1.7204,19.02
120.12,-15.597,1.3081,-12.624,-6.6328,-15.684,-13.754,23.117,0.75405,8.6037,-1.7188,-1.8015,13.664,1.074,1.098,1.1249,1.1554,1.1893,1.2275,1.2693,1.3158,1.3661,1.42,1.4757,1.5293,1.5767,19.02
114.22,-13.939,3.536,-12.66,-5.0872,-11.822,-15.907,14.338,0.83787,2.9755,5.9799,1.6309,2.5356,1.0683,1.0899,1.1153,1.1434,1.176,1.2124,1.2532,1.2977,1.3451,1.394,1.443,1.49,1.5303,23.49
123.2,-16.88,-1.3513,-15.932,-12.095,-10.58,-15.285,19.586,-3.6039,10.216,6.3709,0.94972,10.36,1.0777,1.1052,1.1382,1.1751,1.2174,1.2644,1.3179,1.378,1.4448,1.5191,1.5992,1.6785,1.7437,23.49
116.96,-13.523,0.11352,-12.731,-11.952,-6.9819,-16.184,19.235,-1.5984,7.2868,3.7751,-0.63612,2.0652,1.054,1.0747,1.099,1.1276,1.1601,1.1973,1.2396,1.2874,1.3417,1.4038,1.4753,1.5578,1.6487,23.49
110.63,-11.653,-0.48804,-10.496,-9.6531,-9.3001,-10.811,14.493,-5.3267,10.814,7.104,8.265,2.8552,1.0708,1.094,1.1212,1.1518,1.1865,1.2254,1.2697,1.3197,1.3761,1.4389,1.508,1.5828,1.6558,23.49
118.72,-15.287,1.3606,-11.157,-5.9833,-13.777,-15.538,19.68,2.4048,11.309,1.7769,1.6824,12.179,1.0653,1.0901,1.1182,1.1509,1.1877,1.2294,1.2765,1.33,1.3895,1.4561,1.5297,1.6084,1.684,23.49
110.82,-13.076,0.95971,-8.2395,-4.5181,-7.7219,-15.335,12.477,4.8006,4.3556,1.1747,7.9637,4.4774,1.0939,1.1145,1.1391,1.1672,1.1998,1.2359,1.2762,1.3205,1.368,1.4184,1.4702,1.5217,1.5686,23.49
110.85,-9.8034,-1.214,-9.5708,-7.0936,-5.1321,-4.4258,6.9018,2.2122,15.858,4.6296,0.051589,-5.6212,1.0734,1.0953,1.1201,1.1473,1.1774,1.2097,1.2454,1.2834,1.3234,1.3642,1.4048,1.4434,1.4758,23.49
116.42,-15.66,4.8025,-12.273,-6.0677,-11.339,-9.8535,16.111,-2.7101,7.1987,4.3155,0.2834,9.5963,1.0929,1.1243,1.1613,1.2028,1.2503,1.3032,1.3639,1.4334,1.5117,1.6002,1.6961,1.7818,1.8354,23.49
124.02,-18.065,3.2384,-16.655,-8.9959,-14.563,-14.433,21.937,4.6197,10.807,1.0422,-2.9653,12.938,1.0687,1.0912,1.1205,1.1511,1.1869,1.2259,1.2705,1.3207,1.3781,1.4437,1.519,1.6038,1.6908,23.49
109.5,-10.674,-0.61771,-11.191,-7.6945,-3.1078,-10.655,14.647,1.5646,11.702,-2.0118,-2.4348,4.6183,1.0684,1.0909,1.1162,1.1443,1.1754,1.2102,1.2485,1.2913,1.3379,1.3888,1.4431,1.499,1.5527,23.49
115.13,-12.747,3.6313,-11.505,-4.9144,-10.248,-12.982,12.221,-2.0638,4.5481,4.8311,-0.10723,3.7959,1.0737,1.0977,1.1281,1.1614,1.2001,1.2437,1.2927,1.3465,1.4069,1.4727,1.5427,1.614,1.6773,23.49
117.45,-17.468,3.6068,-12.885,-3.9991,-12.831,-19.577,17.82,7.8514,4.6662,3.2847,2.1922,8.2192,1.0766,1.106,1.1401,1.1799,1.2256,1.2789,1.3398,1.4108,1.4922,1.5871,1.6901,1.7846,1.8463,23.49
116.43,-17.174,5.5999,-12.162,-8.8635,-9.2266,-13.411,13.122,1.4532,6.2338,5.2654,8.3864,4.9694,1.0799,1.1066,1.1359,1.169,1.2064,1.2488,1.297,1.3506,1.41,1.4746,1.5445,1.6181,1.6897,23.49
108.54,-12.167,4.4135,-8.8737,-8.2916,-3.8285,-10.672,9.2102,-2.9417,9.9292,4.7458,9.804,-2.4104,1.07,1.0948,1.1224,1.1545,1.1902,1.2311,1.2773,1.329,1.3885,1.4559,1.5341,1.6256,1.7294,23.49
121.02,-17.69,1.5825,-11.719,-9.1188,-15.73,-13.496,26.631,-2.1984,8.8944,-1.836,0.96931,11.879,1.0716,1.0926,1.1181,1.1468,1.1809,1.2191,1.2627,1.3115,1.3665,1.4278,1.4958,1.5699,1.6453,23.49
111.95,-15.681,3.7966,-10.534,-5.6282,-9.4393,-15.35,14.936,8.1431,9.3754,3.8072,-0.44121,0.5257,1.0695,1.0923,1.119,1.1483,1.1815,1.2185,1.2602,1.3067,1.3583,1.4147,1.4755,1.5379,1.5939,25.069
122.26,-16.885,-0.55996,-14.443,-11.802,-10.141,-17.258,18.93,-0.062071,10.546,4.596,-0.27983,13.237,1.0707,1.0989,1.1289,1.1646,1.2042,1.2503,1.3013,1.3592,1.4241,1.4951,1.5702,1.6458,1.7111,25.069
117.02,-15.128,1.7314,-14.066,-11.716,-8.2751,-17.44,19.165,1.0866,7.0952,3.5542,1.4316,5.3145,1.0548,1.0758,1.1003,1.1288,1.1613,1.1989,1.2412,1.289,1.3437,1.4058,1.4772,1.5584,1.6477,25.069
108.16,-13.814,6.0172,-7.2336,-6.949,-10.241,-15.758,13.537,-1.0066,12.534,6.9541,1.5344,-0.25508,1.0764,1.1038,1.1347,1.1702,1.2097,1.2546,1.3049,1.3608,1.4232,1.4927,1.5699,1.6524,1.7309,25.069
119.59,-16.849,2.0706,-12.526,-3.9114,-14.384,-15.926,19.376,0.32521,9.2813,-0.69324,-2.0676,12.784,1.0634,1.0887,1.1167,1.1487,1.1848,1.2258,1.2717,1.3242,1.3836,1.4504,1.5254,1.6091,1.6962,25.069
110.95,-13.545,0.30607,-11.38,-0.099558,-5.6766,-16.925,14.128,3.3161,10.655,-2.0837,7.5735,-0.074422,1.073,1.099,1.1292,1.1635,1.2031,1.2482,1.2993,1.3578,1.4243,1.4987,1.5798,1.6562,1.7142,25.069
109.8,-11.247,2.8035,-10.684,-11.017,-5.8671,-1.472,10.317,-6.2947,18.207,0.77497,-2.6437,-7.3532,1.0684,1.093,1.1209,1.1524,1.1881,1.2287,1.2746,1.3265,1.3849,1.4496,1.5201,1.5925,1.6581,25.069
115.43,-15.548,3.9785,-12.668,-5.0586,-11.984,-10.389,18.115,-4.8658,4.258,2.5333,0.52351,11.646,1.096,1.1241,1.1569,1.193,1.2337,1.2807,1.3345,1.3958,1.4654,1.5423,1.6221,1.6955,1.7464,25.069
124.68,-18.327,3.5651,-15.753,-9.9603,-15.896,-13.324,24.352,1.8944,5.3138,0.21757,1.2383,13.74,1.0683,1.0931,1.1198,1.1511,1.1856,1.2253,1.2698,1.3206,1.3787,1.4457,1.5232,1.6112,1.7029,25.069
112.02,-11.387,-2.1191,-12.692,-6.9643,-5.5402,-11.064,19.592,0.45612,7.0897,-1.1926,3.2586,2.1437,1.0659,1.0877,1.1131,1.1424,1.1757,1.2131,1.2548,1.3007,1.3506,1.4042,1.4603,1.5152,1.5608,25.069
114.24,-11.724,2.2327,-11.286,-5.796,-8.733,-11.192,13.021,-4.7089,9.4333,2.47,1.8921,0.14947,1.0791,1.1077,1.1406,1.1781,1.2202,1.2683,1.3221,1.3832,1.4518,1.5276,1.6069,1.6801,1.7347,25.069
116.73,-16.571,2.148,-14.694,-5.4358,-9.5444,-17.729,13.044,7.7938,10.826,2.7817,2.8195,4.5347,1.0778,1.1083,1.1426,1.1832,1.2295,1.2834,1.3449,1.4172,1.5003,1.5966,1.7017,1.7966,1.8559,25.069
116.62,-15.938,3.9736,-12.669,-8.4209,-7.411,-14.554,9.8645,4.0944,10.415,1.1979,6.547,0.076502,1.0725,1.0976,1.1279,1.1623,1.2024,1.2478,1.3001,1.3593,1.4257,1.498,1.5733,1.648,1.7151,25.069
110.18,-11.5,0.85776,-11.886,-8.0875,-5.3249,-13.637,6.4365,-1.4097,11.545,-1.3055,10.666,-0.093859,1.1128,1.1459,1.1862,1.2284,1.2757,1.326,1.3807,1.4394,1.5031,1.5733,1.6486,1.7247,1.7868,25.069
120.78,-17.59,4.0619,-14.879,-5.4506,-18.561,-11.091,23.089,0.76351,4.979,-0.64121,-6.1865,12.272,1.0778,1.1068,1.1392,1.1761,1.217,1.2626,1.3129,1.3689,1.43,1.4963,1.5667,1.6372,1.6954,25.069
113,-12.821,1.7394,-10.363,-6.8867,-9.0398,-12.915,14.956,0.51715,4.8554,5.2459,1.6432,5.8093,1.0809,1.1057,1.1325,1.1626,1.1955,1.2328,1.2742,1.3204,1.3712,1.4263,1.4841,1.539,1.5861,19.731
121.68,-16.822,0.38467,-14.715,-9.5696,-11.277,-17.529,18.842,0.77977,8.0639,5.8586,-3.2304,11.705,1.0755,1.1015,1.1312,1.1646,1.2026,1.2452,1.2929,1.3459,1.4047,1.4688,1.5343,1.6,1.6596,19.731
118.34,-15.097,2.2192,-14.666,-10.24,-7.5579,-15.819,16.021,1.5485,10.54,5.8991,1.8311e-005,7.823,1.0597,1.0821,1.108,1.1375,1.1713,1.2094,1.2526,1.3015,1.3573,1.4207,1.4937,1.577,1.6668,19.731
109.41,-11.984,3.6535,-12.353,-8.8554,-7.8584,-12.516,10.672,-1.4979,7.4462,6.8657,-0.59911,0.35614,1.0747,1.1014,1.1307,1.1643,1.2015,1.2437,1.29,1.3412,1.3978,1.4598,1.5267,1.5953,1.6585,19.731
118.46,-15.286,0.54918,-13.643,-5.0522,-14.281,-15.858,17.154,-1.4649,9.3003,0.90219,-2.4291,11.389,1.0769,1.1041,1.1361,1.1718,1.2126,1.259,1.3102,1.368,1.4322,1.5026,1.5769,1.6511,1.7131,19.731
108.54,-14.256,-2.7139,-15.438,-2.9824,-8.9776,-13.849,15.781,5.9804,9.7795,4.6673,9.3455,4.8285,1.0748,1.1019,1.1329,1.1681,1.2087,1.2541,1.3057,1.3631,1.4246,1.4882,1.5497,1.6041,1.6475,19.731
110.57,-8.3517,0.65722,-14.366,-8.1193,-6.1482,-9.3874,8.3028,1.7407,10.567,0.79783,4.5493,-3.4153,1.082,1.1056,1.1314,1.1593,1.1912,1.2269,1.2658,1.3076,1.3519,1.3971,1.4421,1.4838,1.5184,19.731
114.02,-14.685,4.9859,-10.939,-5.6342,-10.507,-6.6809,14.605,-6.2043,2.6812,1.9681,1.6554,7.1558,1.0867,1.1157,1.1496,1.1888,1.2338,1.2856,1.3455,1.4143,1.4939,1.5853,1.6855,1.7797,1.841,19.731
124.94,-17.485,2.0869,-15.733,-9.7449,-13.19,-10.807,19.685,2.9598,9.9188,4.1859,-1.2104,9.3074,1.0748,1.0989,1.1277,1.1584,1.1935,1.2326,1.2774,1.3282,1.3862,1.4521,1.5267,1.6089,1.6886,19.731
113.59,-14.105,3.1597,-11.942,-8.8711,-8.2576,-8.4888,21.481,0.57241,8.693,-2.9472,3.4056,4.6889,1.0723,1.1007,1.1329,1.1698,1.211,1.2576,1.3098,1.3683,1.4338,1.5057,1.5828,1.6614,1.7294,19.731
114.96,-12.987,2.3433,-10.752,-6.7838,-11.608,-13.77,9.5594,-0.78562,7.7861,4.9058,0.19712,2.8637,1.0695,1.094,1.1242,1.1569,1.1948,1.2371,1.2843,1.3366,1.3944,1.4575,1.5253,1.5955,1.6579,19.731
116.63,-17.75,-0.42258,-14.635,-6.2734,-12.578,-19.113,13.485,7.1125,9.7655,3.5497,4.6334,5.0745,1.0743,1.1028,1.1362,1.1751,1.2197,1.2717,1.3315,1.4012,1.4827,1.5773,1.6816,1.7745,1.8333,19.731
113.82,-15.017,3.584,-12.166,-7.5156,-9.2236,-17.43,7.1503,0.66388,8.6113,1.4555,1.8689,-1.275,1.0731,1.0976,1.1269,1.1599,1.1972,1.2395,1.287,1.3401,1.3993,1.4642,1.533,1.6004,1.6575,19.731
110.11,-9.3776,0.68429,-11.02,-5.2487,-5.2315,-15.186,6.7818,-0.66777,16.095,1.5015,-0.053158,3.0334,1.0606,1.085,1.1119,1.1437,1.1788,1.2205,1.2667,1.3195,1.3784,1.444,1.5163,1.5939,1.6705,19.731
120.68,-16.177,1.8771,-10.876,-8.3938,-16.25,-12.991,25.113,0.072967,6.8972,-2.4044,-2.1531,13.527,1.0794,1.1047,1.1345,1.1677,1.2051,1.2469,1.2932,1.3444,1.4008,1.4627,1.5308,1.6037,1.6739,19.731
115.59,-13.582,2.9707,-11.61,-7.4054,-10.916,-14.156,10.856,0.30308,5.7315,1.865,1.6319,10.948,1.0705,1.0954,1.1226,1.1533,1.1872,1.2255,1.2678,1.3149,1.366,1.4205,1.4761,1.528,1.5718,19.153
121.88,-18.002,1.3339,-15.372,-8.9422,-10.732,-16.905,17.902,1.8844,6.7458,7.0038,-2.1848,9.1524,1.0706,1.0956,1.1257,1.1585,1.1968,1.2388,1.287,1.3399,1.399,1.4632,1.5318,1.6024,1.6662,19.153
119.84,-17.198,1.7741,-15.219,-10.667,-8.312,-16.609,15.084,1.3792,8.4069,8.3121,3.0893,3.5806,1.0607,1.0828,1.1095,1.1398,1.1743,1.2132,1.2571,1.3072,1.3636,1.4282,1.5022,1.5863,1.6769,19.153
111.78,-13.571,1.2956,-11.351,-7.2599,-9.5207,-12.277,9.4951,1.3197,7.9109,8.2726,5.4149,1.7148,1.071,1.0961,1.1255,1.1591,1.1973,1.2397,1.2872,1.3402,1.399,1.4637,1.5333,1.6042,1.6687,19.153
120.11,-16.735,1.1964,-11.908,-5.1163,-14.145,-15.736,21.766,-0.26937,8.8701,-1.4127,-3.1234,10.481,1.0641,1.0886,1.1159,1.1479,1.1833,1.2247,1.2711,1.3243,1.3851,1.4537,1.5315,1.6167,1.7041,19.153
111.69,-14.109,0.55923,-9.774,-4.571,-10.999,-17.025,19.135,4.921,13.111,-4.7562,5.6543,4.2668,1.075,1.0987,1.1266,1.1585,1.1949,1.2372,1.2851,1.3395,1.4005,1.4677,1.5386,1.6071,1.6669,19.153
112.18,-8.798,-1.2466,-9.6956,-9.1123,-8.4291,-8.0868,7.7906,-4.1043,19.44,-0.028234,2.0121,1.2405,1.0744,1.0967,1.1234,1.1519,1.1842,1.2202,1.2606,1.3056,1.3553,1.4096,1.4657,1.5209,1.5704,19.153
114.58,-15.672,2.3536,-12.159,-3.8026,-9.423,-10.99,12.445,-3.7473,4.279,1.9979,2.1343,6.2577,1.0801,1.1085,1.1432,1.1819,1.228,1.2795,1.3397,1.4084,1.4862,1.5738,1.6705,1.7591,1.8174,19.153
125.21,-17.244,0.62543,-16.49,-9.9559,-13.877,-12.905,17.404,2.5102,10.905,5.1511,-1.2748,11.708,1.066,1.0918,1.1192,1.151,1.1866,1.2266,1.2719,1.3232,1.3808,1.4459,1.519,1.5992,1.6769,19.153
113.09,-12.55,-0.59984,-11.533,-8.7478,-7.9569,-9.2985,16.167,2.2081,8.0587,0.78291,1.3028,0.92807,1.0733,1.1016,1.1327,1.1687,1.2092,1.2542,1.3046,1.3608,1.4218,1.4867,1.5527,1.6142,1.6619,19.153
113.08,-12.62,3.2996,-10.684,-6.9191,-15.297,-11.298,11.708,-1.7859,12.807,3.8978,4.3741,-1.552,1.0832,1.112,1.1463,1.1847,1.2296,1.2805,1.3389,1.4043,1.4784,1.5589,1.6418,1.7137,1.7636,19.153
116.01,-15.928,1.5331,-14.807,-4.8053,-11.795,-14.781,13.146,6.8008,14.078,4.2449,5.4634,6.2718,1.0757,1.1031,1.1356,1.1731,1.2166,1.2666,1.3245,1.3915,1.4697,1.5612,1.6643,1.7611,1.8217,19.153
113.17,-14.298,2.2062,-10.4,-6.1589,-8.0972,-11.519,7.093,-2.7888,9.3844,2.6205,6.9217,-1.9908,1.0705,1.0949,1.1224,1.1526,1.1872,1.2258,1.2689,1.3173,1.3703,1.4272,1.4869,1.5455,1.5953,19.153
110.32,-9.6102,1.2665,-8.2642,-7.094,-9.9558,-8.7627,6.1766,-1.7335,14.115,8.1395,1.0534,-2.2127,1.0853,1.1126,1.1464,1.1826,1.225,1.2706,1.3229,1.3812,1.445,1.5144,1.5896,1.6667,1.7383,19.153
121.17,-16.42,0.95159,-12.035,-9.1777,-15.185,-11.865,23.096,-0.83586,8.2816,-0.23164,-0.84949,12.956,1.0638,1.0852,1.1122,1.1419,1.1767,1.2154,1.2595,1.3091,1.3649,1.4282,1.4988,1.5764,1.6558,19.153
113.83,-12.443,3.8891,-11.455,-8.361,-13.775,-12.099,14.925,-3.8152,6.5261,1.8252,7.4967,5.4532,1.0716,1.0944,1.1217,1.1511,1.1849,1.2223,1.2639,1.3095,1.3592,1.4118,1.4662,1.5195,1.5689,22.127
120.27,-17.04,4.1543,-14.228,-7.7564,-11.898,-15.63,18.882,3.8524,5.2611,5.0321,-1.7524,10.474,1.0802,1.11,1.1434,1.182,1.2253,1.2746,1.3306,1.3936,1.4643,1.5421,1.6194,1.6899,1.742,22.127
118.27,-16.984,3.7042,-16.148,-10.009,-8.1059,-15.702,14.697,3.2136,10.864,6.787,2.2287,7.4869,1.0665,1.0916,1.1208,1.1546,1.1926,1.2364,1.2855,1.341,1.4038,1.4745,1.5537,1.6393,1.7209,22.127
109.76,-12.859,3.3592,-12.079,-4.9178,-7.5087,-14.078,11.097,0.22463,10.282,8.8014,8.0148,1.643,1.0674,1.0909,1.1185,1.1499,1.1852,1.2256,1.2709,1.3222,1.3802,1.4459,1.519,1.5974,1.6723,22.127
120.81,-17.171,0.47813,-13.145,-6.7556,-11.855,-14.078,21.913,0.7007,12.911,-0.59993,-2.3872,10.502,1.0643,1.0899,1.1174,1.1502,1.1866,1.2289,1.2763,1.3311,1.3939,1.4656,1.5471,1.6377,1.7317,22.127
113.74,-13.594,0.5732,-11.426,-6.0202,-8.0268,-15.311,20.642,5.1857,13.694,-7.3309,0.47502,5.4257,1.0733,1.0963,1.1228,1.1526,1.1861,1.2237,1.2656,1.3122,1.3631,1.419,1.4805,1.5469,1.6124,22.127
110.33,-9.7842,1.1637,-10.075,-12.758,-11.075,-9.325,11.224,0.91907,10.233,0.35519,11.839,-0.89379,1.0664,1.09,1.1161,1.1456,1.1788,1.2158,1.2568,1.302,1.3509,1.4038,1.4585,1.5123,1.5613,22.127
113.41,-15.886,3.684,-11.858,-7.8375,-10.998,-9.0882,15.027,-2.5766,0.2368,0.55213,4.9158,7.1755,1.0752,1.1048,1.1381,1.1767,1.2213,1.2715,1.329,1.3928,1.4642,1.543,1.6283,1.7123,1.7759,22.127
124.48,-17.59,0.44074,-16.938,-11.96,-15.806,-12.413,17.504,0.9605,8.297,6.5892,1.6136,13.347,1.0709,1.0965,1.123,1.1545,1.1887,1.228,1.2721,1.3221,1.3789,1.4426,1.514,1.5917,1.6675,22.127
112.99,-11.955,-1.3352,-10.563,-11.699,-7.7771,-9.7751,18.106,-4.7509,6.3947,4.0447,4.8045,1.3529,1.079,1.1047,1.1341,1.1661,1.202,1.2416,1.2851,1.3329,1.3852,1.4424,1.5043,1.5672,1.6252,22.127
113.88,-13.138,0.40543,-13.238,-5.2053,-10.802,-11.474,14.36,0.23573,10.923,8.6265,4.3074,5.4544,1.0721,1.0983,1.128,1.1622,1.2003,1.2437,1.292,1.346,1.4057,1.4714,1.5419,1.6154,1.6835,22.127
116.95,-16.239,0.42475,-12.378,-4.511,-14.645,-16.375,18.731,6.9473,9.9164,3.3846,6.8743,13.59,1.0766,1.1011,1.1277,1.1582,1.1927,1.2316,1.2745,1.3219,1.3737,1.4299,1.4889,1.5477,1.5999,22.127
110.05,-12.411,0.15538,-9.9498,-3.1916,-5.0937,-11.249,14.072,-2.2724,2.1582,1.4779,5.8384,3.7747,1.0656,1.0876,1.1135,1.1429,1.176,1.2141,1.2566,1.3046,1.3575,1.4148,1.4743,1.5331,1.5866,22.127
109.65,-10.67,3.3767,-13.033,-4.5109,-9.7188,-9.5077,12.226,-3.5027,13.965,8.7278,1.3687,-2.8274,1.103,1.1338,1.1695,1.2086,1.2537,1.3039,1.3619,1.4279,1.5054,1.595,1.6933,1.784,1.8417,22.127
120.93,-17.887,3.4758,-14.539,-7.5434,-15.214,-10.204,22.582,0.19013,6.4245,2.0735,-2.7738,12.774,1.0725,1.0949,1.1207,1.1501,1.1838,1.2225,1.2663,1.3166,1.3738,1.4387,1.5126,1.5943,1.6755,22.127
113.84,-12.042,2.192,-8.1291,-7.1829,-10.542,-14.922,12.109,-1.4938,9.3004,4.8332,1.2958,3.6076,1.0747,1.0987,1.1249,1.1546,1.1878,1.225,1.267,1.3131,1.3625,1.4136,1.4636,1.5104,1.5506,23.186
118.91,-17.168,3.3477,-12.813,-5.5768,-12.764,-18.458,16.83,5.7803,5.3859,4.4323,-1.1755,7.8948,1.072,1.0955,1.1233,1.1538,1.1895,1.2291,1.2741,1.3244,1.381,1.4429,1.5089,1.577,1.6433,23.186
118.56,-16.371,3.3859,-14.085,-6.9911,-9.0311,-17.643,14.804,1.2673,7.4186,8.318,2.881,1.1462,1.073,1.1006,1.1342,1.1713,1.2156,1.2637,1.3191,1.3808,1.4508,1.5285,1.6136,1.6993,1.7702,23.186
108.47,-13.363,0.33844,-8.0232,-5.7915,-6.5643,-12.185,8.7226,-5.6983,13.607,9.1174,4.6998,-5.9562,1.0638,1.0888,1.1164,1.1481,1.1834,1.2228,1.2664,1.3141,1.3669,1.4242,1.4863,1.553,1.6198,23.186
120.22,-16.191,-0.59139,-12.254,-8.4075,-15.353,-13.607,22.123,-1.0438,8.7097,-0.29842,-0.031023,9.3542,1.0712,1.0959,1.1254,1.159,1.1971,1.2406,1.2897,1.3447,1.4069,1.4768,1.5544,1.6376,1.7199,23.186
113.35,-14.278,-0.54715,-10.405,-5.9466,-12.449,-15.002,23.083,7.2843,8.8219,-5.8476,-0.86595,3.5639,1.0733,1.1009,1.1299,1.1635,1.1998,1.2407,1.2862,1.3354,1.3885,1.444,1.501,1.5547,1.6005,23.186
111.11,-10.72,-1.4141,-11.284,-8.9876,-12.882,-10.835,15.943,-2.0778,12.643,6.0731,-0.010023,6.184,1.0759,1.0981,1.1234,1.1499,1.1798,1.2125,1.2489,1.2886,1.3317,1.3781,1.4278,1.4791,1.5266,23.186
114.27,-15.297,0.8559,-12.241,-3.4705,-9.0919,-12.807,14.341,0.97352,3.8043,4.3407,0.95351,5.3738,1.0771,1.1047,1.1373,1.1738,1.2157,1.2631,1.3165,1.376,1.4419,1.515,1.5936,1.6714,1.7311,23.186
123.66,-17.013,0.85423,-17.472,-10.215,-12.624,-11.656,16.127,2.4736,11.614,6.0853,-1.8055,10.758,1.074,1.0998,1.1291,1.1629,1.201,1.2438,1.2922,1.3457,1.4046,1.4694,1.5407,1.6167,1.6855,23.186
112.91,-12.81,3.8917,-12.177,-8.223,-10.077,-8.3338,13.496,3.1811,3.1515,0.89555,-0.049671,4.7883,1.0812,1.1108,1.1461,1.1863,1.2324,1.285,1.3452,1.4139,1.4914,1.5754,1.6645,1.7497,1.8065,23.186
112.86,-13.955,2.4053,-11.972,-7.2383,-11.997,-12.372,11.165,-2.1408,11.945,5.9956,4.3404,4.9484,1.0699,1.0937,1.1235,1.1562,1.1938,1.2358,1.2837,1.337,1.3971,1.4637,1.5368,1.6145,1.6896,23.186
117.31,-16.797,0.25163,-14.692,-5.9862,-12.982,-16.815,16.934,6.0409,13.412,0.78272,2.3776,14.922,1.0886,1.1144,1.1412,1.1702,1.2006,1.2342,1.2696,1.307,1.3462,1.3864,1.4274,1.4671,1.5035,23.186
108.15,-12.291,-2.9517,-7.0561,-5.8621,-8.1818,-12.199,8.501,3.2048,6.6254,4.1572,4.3469,5.9351,1.0733,1.0936,1.1173,1.1424,1.1708,1.2014,1.2359,1.273,1.3124,1.3538,1.3944,1.4332,1.4681,23.186
110.49,-11.43,0.58132,-9.0987,-4.0498,-9.7795,-6.86,7.593,6.3188,13.761,7.5111,1.6999,-6.5655,1.0887,1.1206,1.156,1.1967,1.2423,1.294,1.3527,1.4204,1.4982,1.5878,1.6852,1.7673,1.8156,23.186
121.48,-17.025,3.0718,-14.282,-6.9776,-14.571,-9.2724,21.502,-1.1063,6.1112,4.1742,-1.7944,10.213,1.0733,1.0986,1.1268,1.1591,1.195,1.2359,1.2817,1.3341,1.3932,1.4604,1.5361,1.6194,1.6987,23.186
113.29,-12.743,2.1205,-10.268,-7.1262,-11.369,-13.767,16.31,-1.0178,7.3592,0.26531,4.9628,4.5601,1.0703,1.0944,1.1212,1.1533,1.1891,1.2305,1.2771,1.3288,1.3851,1.4457,1.5097,1.5744,1.6303,20.897
117.16,-17.071,2.417,-14.569,-4.9926,-10.419,-17.214,13.921,4.0808,4.5351,4.7146,3.5265,5.0414,1.0816,1.1094,1.1428,1.1796,1.2213,1.2693,1.323,1.3835,1.4514,1.5254,1.6028,1.6751,1.7285,20.897
116.2,-16.85,4.681,-14.848,-8.952,-8.3345,-14.799,11.364,2.1163,9.5777,5.1209,5.8976,5.9108,1.0761,1.1049,1.1392,1.1786,1.2248,1.2775,1.339,1.4094,1.4905,1.583,1.6825,1.7755,1.8369,20.897
107.39,-13.568,2.762,-11.015,-7.2029,-3.9795,-11.738,9.8193,1.6303,10.901,4.3854,13.348,2.0855,1.0699,1.0946,1.1225,1.1551,1.1914,1.2328,1.2794,1.3317,1.3901,1.4551,1.5281,1.6088,1.6905,20.897
120.96,-17.382,1.7024,-11.792,-10.723,-13.856,-14.432,24.019,-1.501,11.434,-2.5306,0.95424,12.468,1.0807,1.1076,1.139,1.1741,1.2136,1.2577,1.3071,1.3631,1.4248,1.4947,1.5739,1.6628,1.7585,20.897
115.98,-14.909,0.065631,-14.076,-8.8468,-8.1075,-16.692,19.818,1.0695,13.165,-7.6074,-0.92766,4.1809,1.06,1.084,1.1112,1.1432,1.1793,1.2205,1.2667,1.3187,1.3768,1.442,1.5146,1.5952,1.6808,20.897
110.86,-10.49,-1.4296,-10.613,-7.9786,-8.3712,-9.2407,13.548,-1.4518,15.186,3.6738,-0.90192,-1.4722,1.0651,1.0867,1.1119,1.1404,1.1729,1.2094,1.2509,1.2969,1.3478,1.4024,1.4591,1.516,1.568,20.897
113.53,-17.54,3.1218,-10.493,-2.3797,-8.7927,-15.381,14.479,3.0606,5.9806,0.89774,-0.1611,1.6974,1.074,1.1027,1.1344,1.1728,1.2152,1.2644,1.3185,1.3798,1.4483,1.5232,1.6019,1.6788,1.7421,20.897
123.18,-17.226,-0.5461,-15.46,-11.676,-11.683,-16.836,18.413,-0.54906,11.945,5.5447,-0.49861,7.881,1.0606,1.083,1.1102,1.1403,1.1749,1.2139,1.2576,1.307,1.3625,1.4255,1.4969,1.5773,1.6612,20.897
112.94,-12.931,2.8346,-11.356,-8.8826,-9.6837,-13.312,20.493,2.6682,2.059,1.586,-1.5581,2.4578,1.0749,1.1005,1.1295,1.1626,1.2002,1.2427,1.2909,1.3444,1.4039,1.4695,1.5411,1.6161,1.6863,20.897
111.25,-14.855,3.2586,-8.3944,-5.3314,-13.896,-13.352,18.404,2.3125,10.03,3.886,1.1951,4.7817,1.0681,1.0948,1.1234,1.157,1.1939,1.2363,1.2825,1.3354,1.3945,1.4611,1.5356,1.6153,1.6926,20.897
117.75,-16.452,2.7226,-10.42,-4.6506,-16.087,-15.3,22.988,5.2494,6.9876,-3.1543,0.45503,10.797,1.0773,1.1013,1.1277,1.159,1.1931,1.2323,1.2752,1.322,1.3727,1.4261,1.4795,1.5278,1.569,20.897
108.97,-11.761,-1.0324,-7.6083,-4.4489,-9.3959,-12.931,11.18,2.1744,6.8802,-1.4063,8.5718,1.3074,1.0661,1.0889,1.1135,1.1421,1.174,1.2102,1.2509,1.2957,1.3455,1.3995,1.4567,1.5154,1.5705,20.897
110.14,-11.108,1.4972,-10.22,-6.0791,-5.5251,-4.0637,11.701,2.1698,14.836,2.332,1.0249,-6.0433,1.0922,1.1243,1.1599,1.2018,1.2486,1.3026,1.3648,1.4353,1.5155,1.6038,1.695,1.7728,1.8214,20.897
120.41,-16.746,3.6894,-14.531,-8.6108,-13.65,-8.459,19.182,-2.968,7.1116,2.0848,-0.62252,15.209,1.0718,1.0931,1.1203,1.1495,1.1839,1.223,1.2677,1.3189,1.3773,1.4442,1.5209,1.607,1.6925,20.897
113.88,-13.476,2.5369,-11.54,-8.1385,-10.305,-10.385,14.073,-1.4437,4.1951,2.969,-1.2868,8.0007,1.0799,1.1058,1.1344,1.1664,1.2035,1.2455,1.2933,1.3464,1.4036,1.4624,1.5201,1.5706,1.6094,20.471
117.99,-16.628,1.58,-14.035,-4.7319,-9.1808,-16.024,16.08,4.8087,6.2593,3.5045,4.5551,5.1751,1.0677,1.0899,1.1173,1.1473,1.1818,1.2211,1.2647,1.3143,1.3692,1.4301,1.4963,1.5669,1.6365,20.471
115.02,-16.665,3.467,-11.737,-8.5886,-9.4268,-12.551,12.545,1.6455,7.9923,6.2077,8.8842,0.22332,1.0748,1.1039,1.1379,1.1776,1.2234,1.2763,1.3374,1.4085,1.4915,1.5882,1.6948,1.7891,1.8475,20.471
108.9,-11.774,1.415,-8.9069,-7.1444,-6.0179,-10.92,11.662,-2.9432,11.657,6.0073,8.3547,1.459,1.0723,1.0967,1.1244,1.1554,1.1905,1.2296,1.2731,1.3218,1.3759,1.4356,1.5012,1.5713,1.6421,20.471
119.87,-16.964,0.5489,-13.672,-5.331,-16.56,-9.0202,24.178,1.6617,8.7974,3.2435,-3.0282,12.865,1.0787,1.1059,1.1375,1.1722,1.2123,1.2568,1.3084,1.3655,1.4291,1.4986,1.5717,1.6439,1.7055,20.471
117.08,-14.11,0.4778,-13.297,-4.8289,-12.54,-11.411,19.958,4.0448,5.5404,0.0099228,-3.6331,4.346,1.0915,1.1201,1.1528,1.1893,1.2301,1.2753,1.3252,1.3804,1.4418,1.5096,1.583,1.6569,1.7174,20.471
108.54,-11.042,0.047351,-9.1262,-9.3263,-13.414,-13.119,14.895,3.4095,14.516,3.6902,0.09124,2.3115,1.0829,1.1077,1.1339,1.163,1.1947,1.2302,1.2692,1.312,1.3582,1.4073,1.4588,1.5095,1.5551,20.471
113.06,-14.81,0.36132,-10.749,-4.3232,-10.507,-15.484,15.433,0.5715,6.233,5.4108,2.8787,7.342,1.082,1.1078,1.1385,1.1726,1.2114,1.2532,1.3003,1.3519,1.4081,1.4689,1.5316,1.5939,1.6494,20.471
121.46,-16.92,1.0699,-17.824,-11.196,-13.007,-16.014,16.329,1.9802,13.129,7.2461,0.98646,12.071,1.0713,1.0968,1.1262,1.1606,1.1997,1.2444,1.2954,1.3521,1.4151,1.4851,1.5619,1.6425,1.7134,20.471
114.84,-13.931,1.4068,-14.275,-8.9754,-8.0891,-12.089,13.239,1.0715,9.9876,6.2833,3.7198,3.3424,1.0793,1.106,1.1362,1.1705,1.2093,1.2533,1.3034,1.3593,1.421,1.4885,1.5606,1.6327,1.6951,20.471
111.53,-14.317,4.9454,-11.485,-4.6827,-10.189,-12.615,14.948,-0.94135,10.544,4.9932,-0.52265,1.331,1.0714,1.0962,1.126,1.1594,1.1975,1.2404,1.2893,1.3443,1.4072,1.4782,1.5582,1.6443,1.7282,20.471
119.15,-15.77,1.9482,-10.875,-3.4275,-12.087,-17.561,18.082,3.7068,14.042,-3.2531,-4.7981,9.454,1.0698,1.0954,1.1248,1.1581,1.1959,1.2379,1.2843,1.3348,1.3894,1.4474,1.507,1.5653,1.6164,20.471
108.24,-9.9492,-0.051546,-11.958,-3.1012,-4.6232,-11.566,12.416,0.4584,9.7305,-3.7517,8.1201,4.2111,1.0714,1.0959,1.1229,1.1535,1.1868,1.2249,1.2666,1.3132,1.3639,1.4185,1.4764,1.533,1.5841,20.471
110.83,-10.298,2.4895,-11.835,-6.9559,-6.4667,-10.394,11.732,0.092539,12.124,1.6983,6.6702,-8.0893,1.0766,1.1046,1.1383,1.1771,1.2221,1.2739,1.3338,1.4018,1.4792,1.5665,1.6594,1.7471,1.8092,20.471
120.14,-17.485,2.3007,-13.661,-7.0176,-13.691,-9.3886,19.987,-1.0836,7.0453,5.1964,-0.42488,11.336,1.0725,1.0963,1.1232,1.1542,1.189,1.2291,1.2739,1.3248,1.3827,1.4487,1.5232,1.6054,1.685,20.471
113.97,-12.579,2.532,-8.8397,-9.199,-12.136,-11.654,14.051,-0.44372,7.2976,5.6219,3.1097,1.6569,1.0714,1.0949,1.1204,1.1478,1.1782,1.2114,1.2484,1.2889,1.3338,1.3819,1.4322,1.4807,1.525,19.471
117.5,-16.188,-0.13594,-13.262,-5.2461,-8.1728,-16.806,12.958,6.003,13.831,4.8756,5.7261,4.9898,1.0682,1.0927,1.1207,1.1523,1.1885,1.2288,1.2743,1.3248,1.3811,1.4432,1.5103,1.5813,1.6495,19.471
113.81,-14.034,4.6853,-10.663,-5.9063,-6.8769,-15.273,9.1453,1.8707,9.4581,3.5531,6.2077,-7.6166,1.0749,1.1035,1.1372,1.1761,1.2211,1.2735,1.3339,1.4046,1.4878,1.5863,1.6988,1.7996,1.8588,19.471
107.62,-9.7323,1.1464,-10.548,-4.9615,-13.01,-15.912,13.467,-1.4944,10.682,4.245,2.4578,2.6453,1.0827,1.1091,1.1376,1.1704,1.2067,1.2476,1.2933,1.3443,1.4008,1.4618,1.5241,1.5833,1.6316,19.471
120.88,-16.716,0.32802,-11.673,-10.124,-12.307,-13.867,25.491,-2.9427,9.6589,-3.7209,-0.65258,14.023,1.0899,1.1178,1.1468,1.1807,1.2166,1.2585,1.3061,1.3612,1.4244,1.4958,1.5758,1.6603,1.7369,19.471
118.9,-14.493,-1.0124,-13.667,-9.4017,-6.5246,-15.19,23.773,1.0135,11.119,-6.1903,1.015,6.8439,1.0638,1.087,1.1133,1.1434,1.1775,1.2159,1.2593,1.3084,1.3651,1.4296,1.5042,1.5904,1.6869,19.471
111.32,-9.9521,-0.92274,-8.7925,-10.946,-9.3936,-10.27,14.686,0.67327,9.9108,4.9707,8.7408,6.4281,1.0662,1.0887,1.1127,1.1408,1.1723,1.2082,1.2484,1.2928,1.341,1.392,1.4448,1.4969,1.5435,19.471
113.98,-12.888,2.0831,-11.093,-6.5717,-9.5474,-15.223,13.616,-2.9799,6.9797,2.5721,4.0264,12.231,1.0724,1.096,1.1246,1.1561,1.1924,1.2329,1.2794,1.3315,1.3903,1.4547,1.5234,1.5933,1.6584,19.471
120.97,-16.647,0.4737,-17.865,-8.0665,-13.699,-14.81,18.596,2.9043,11.718,10.024,2.7768,6.7941,1.0794,1.1087,1.1417,1.1796,1.2238,1.2742,1.3325,1.3982,1.4719,1.5534,1.6406,1.7274,1.7897,19.471
115.46,-13.655,4.3903,-13.376,-7.07,-10.633,-9.1119,14.411,-3.5571,5.4914,8.0505,5.7822,2.6544,1.0806,1.1059,1.137,1.1712,1.21,1.2528,1.3019,1.3557,1.4164,1.4836,1.5554,1.6272,1.6884,19.471
110.96,-13.346,2.7557,-9.7012,-6.566,-12.04,-11.07,16.406,-3.1867,0.94252,4.8557,5.5984,4.5028,1.0678,1.0919,1.1211,1.1538,1.1915,1.2334,1.2817,1.3361,1.3985,1.469,1.5472,1.6324,1.7162,19.471
119.9,-16.946,1.9391,-10.915,-5.0852,-16.416,-15.782,23.146,2.8175,7.3843,-4.0009,-1.8674,10.78,1.0677,1.0907,1.1191,1.1505,1.1868,1.2281,1.2746,1.3268,1.3838,1.4453,1.5093,1.5718,1.6289,19.471
110.4,-12.081,-2.4765,-10.539,-3.9197,-10.99,-11.694,17.023,0.42054,10.893,-1.2317,8.2321,2.6527,1.0676,1.0912,1.1173,1.1477,1.1818,1.2205,1.2647,1.3142,1.37,1.4319,1.4995,1.5683,1.6286,19.471
113.08,-10.152,2.6726,-10.879,-8.4949,-9.4986,-9.1814,10.465,-5.4223,14.926,3.2325,2.0863,-2.5916,1.0806,1.1096,1.1434,1.1824,1.2274,1.2798,1.34,1.4097,1.4893,1.5766,1.6688,1.7523,1.8092,19.471
119.37,-16.048,2.1305,-11.269,-9.0429,-10.807,-11.503,20.345,-3.7429,10.418,-0.81477,1.3698,9.8914,1.057,1.0794,1.1046,1.1343,1.1673,1.2053,1.2478,1.2962,1.3515,1.4141,1.4864,1.5691,1.6607,19.471
113.3,-12.764,3.6016,-7.6555,-7.4148,-13.748,-12.972,13.271,-0.55748,11.28,2.1103,4.0977,5.5447,1.0776,1.1035,1.1318,1.1629,1.1974,1.2353,1.2775,1.3236,1.3743,1.4292,1.4879,1.5451,1.5936,20.069
117.01,-16.729,-1.615,-14.316,-6.1518,-11.495,-18.784,14.749,4.2068,13.233,4.2806,7.8575,6.6628,1.0684,1.0919,1.1205,1.1517,1.1885,1.2285,1.2744,1.3258,1.3836,1.4483,1.5202,1.5979,1.6759,20.069
112.85,-14.01,2.4452,-7.5159,-5.4898,-8.183,-15.014,6.1529,-1.2507,9.9175,-1.467,8.3516,-2.0846,1.0732,1.1003,1.133,1.1699,1.213,1.2617,1.3177,1.3822,1.4562,1.5426,1.6408,1.7316,1.7916,20.069
109.72,-9.8872,0.47152,-7.3083,-8.8329,-9.9551,-9.7623,7.3257,-0.93302,14.909,6.0112,5.0662,-3.2675,1.0667,1.0893,1.1154,1.1453,1.1796,1.218,1.2615,1.3091,1.3606,1.4159,1.4733,1.5296,1.5786,20.069
121.34,-16.433,0.97399,-9.6868,-10.448,-13.279,-13.689,27.081,-2.9004,7.4268,-0.27312,0.83903,10.709,1.1054,1.1324,1.1615,1.1937,1.2322,1.2766,1.3264,1.3821,1.4434,1.5079,1.5744,1.6367,1.687,20.069
119.64,-16.395,-2.7846,-14.222,-11.242,-9.1314,-15.306,24.658,1.6326,11.248,-0.81599,2.8651,4.9901,1.0659,1.0882,1.1145,1.1444,1.1782,1.2164,1.2594,1.3081,1.3628,1.4253,1.4972,1.5808,1.6755,20.069
112.02,-9.983,-1.3977,-10.163,-7.6189,-8.7857,-10.108,15.836,-1.2096,12.983,3.4078,7.4494,5.2788,1.065,1.0863,1.1121,1.1411,1.1741,1.2115,1.2538,1.3006,1.3526,1.4091,1.4684,1.527,1.5802,20.069
115.14,-13.325,2.3572,-10.903,-8.3054,-12.803,-13.976,15.152,-4.5726,3.9603,2.1122,8.7074,9.443,1.0759,1.1015,1.1318,1.1649,1.2029,1.2455,1.2935,1.3473,1.4067,1.4721,1.5415,1.6093,1.6668,20.069
119.16,-17.034,1.948,-15.979,-8.79,-11.867,-17.831,17.989,3.728,9.8192,6.7242,-6.2181,10.464,1.0629,1.0873,1.1147,1.1464,1.1819,1.222,1.2673,1.3183,1.3761,1.4413,1.5156,1.5986,1.682,20.069
116.01,-14.01,2.8133,-11.176,-8.5358,-7.6199,-13.349,12.397,-2.4505,8.6048,5.0294,0.27569,3.7752,1.0694,1.0922,1.1188,1.1479,1.1811,1.2184,1.2599,1.3064,1.3579,1.4139,1.4748,1.5398,1.6048,20.069
109.02,-12.737,4.0519,-8.4523,-5.5098,-11.664,-11.598,15.953,-4.0577,4.0421,3.8592,8.8659,5.7994,1.0733,1.0983,1.1295,1.1635,1.2029,1.2468,1.2968,1.3526,1.416,1.4866,1.5662,1.6536,1.7424,20.069
120.45,-15.982,2.0693,-11.516,-5.246,-14.744,-16.124,23.414,3.7307,10.909,-4.3341,-4.5646,10.157,1.0707,1.0959,1.1252,1.1591,1.1963,1.2384,1.2845,1.3353,1.3905,1.4504,1.5132,1.5752,1.6319,20.069
109.49,-11.306,0.55514,-9.5752,-3.8214,-10.164,-15.927,14.373,5.7973,11.953,-5.2264,5.2838,-0.78094,1.0677,1.0922,1.1179,1.1478,1.1811,1.2189,1.2614,1.3088,1.3612,1.418,1.4767,1.5341,1.5831,20.069
113.25,-10.394,3.3459,-12.316,-7.5996,-7.5646,-10.827,8.4766,1.5277,12.924,3.0232,5.2068,-5.7619,1.0775,1.1052,1.1393,1.178,1.2226,1.2735,1.3324,1.3983,1.4722,1.5538,1.6415,1.7251,1.7838,20.069
119.13,-16.421,1.8829,-12.434,-7.4511,-12.209,-11.553,19.929,-1.8718,7.9034,1.6066,2.8922,12.248,1.0635,1.0869,1.1137,1.1441,1.1783,1.2163,1.2592,1.3073,1.3612,1.4228,1.4934,1.5735,1.6595,20.069
113.4,-12.826,2.4736,-10.809,-6.385,-13.268,-11.25,15.044,-0.32208,8.2236,2.5086,6.183,2.2157,1.0788,1.1024,1.1289,1.1584,1.1915,1.2284,1.2699,1.3156,1.3659,1.4216,1.4821,1.5441,1.6024,18.662
116.75,-15.585,0.56523,-14.833,-2.1939,-13.733,-14.273,13.935,5.5931,13.856,5.8103,5.1869,7.2404,1.0824,1.1141,1.1495,1.19,1.2363,1.2891,1.3496,1.4196,1.4987,1.5875,1.6764,1.7498,1.7964,18.662
109.51,-12.336,1.3534,-9.7659,-2.3655,-6.3012,-13.4,10.8,-0.88135,3.9507,0.59048,9.9218,-3.2822,1.0821,1.1087,1.1391,1.1743,1.2142,1.2593,1.31,1.3664,1.4272,1.4933,1.5626,1.6301,1.6827,18.662
106.78,-8.326,3.1829,-12.214,-4.1288,-7.4193,-12.319,13.811,-4.4301,14.406,12.725,-0.97384,-9.4478,1.0743,1.1001,1.129,1.1618,1.1987,1.2403,1.287,1.3379,1.3925,1.4491,1.5061,1.5595,1.604,18.662
120.37,-15.881,1.9597,-11.162,-8.3667,-14.111,-12.168,22.501,1.1361,9.2779,-1.2118,-3.6181,13.189,1.1128,1.1468,1.1838,1.2241,1.2685,1.3173,1.3709,1.4314,1.4972,1.5683,1.6434,1.7134,1.7601,18.662
118.66,-16.661,-1.9396,-16.993,-10.357,-10.676,-13.647,21.823,7.2449,14.952,1.5473,0.83765,12.352,1.0648,1.0863,1.114,1.144,1.1798,1.2188,1.2635,1.3138,1.3701,1.4339,1.5055,1.5856,1.6702,18.662
111.09,-10.757,-0.774,-7.2392,-7.354,-10.824,-10.343,10.396,1.415,14.99,-0.17037,6.2539,0.77682,1.0685,1.0931,1.1193,1.1498,1.1838,1.2222,1.265,1.3127,1.3651,1.4219,1.4824,1.5418,1.5906,18.662
114.11,-14.16,4.5457,-10.028,-5.4956,-15.217,-14.165,14.337,-2.5299,6.6192,-0.49067,5.1238,8.3295,1.0784,1.1083,1.1409,1.1798,1.2233,1.2738,1.3313,1.3967,1.4707,1.5528,1.6365,1.7094,1.7605,18.662
118.62,-16.216,2.0834,-13.943,-7.521,-12.198,-17.012,18.886,2.9889,6.4138,7.2544,4.4549,7.5301,1.0809,1.1095,1.1412,1.1773,1.2171,1.2614,1.3111,1.3664,1.4281,1.4973,1.5738,1.6513,1.7161,18.662
114.79,-13.797,1.545,-12.094,-8.0068,-6.1381,-12.227,12.368,-6.601,9.0081,7.5526,2.1905,3.5275,1.0754,1.1005,1.1289,1.1607,1.1958,1.2352,1.2786,1.3267,1.3808,1.441,1.5084,1.5832,1.66,18.662
108.61,-12.757,1.9406,-9.0795,-4.0081,-9.758,-11.059,18.485,-1.6626,9.2344,3.4354,2.7002,0.80639,1.0776,1.1009,1.1265,1.1555,1.1897,1.2293,1.2746,1.326,1.3846,1.451,1.5251,1.606,1.689,18.662
122.01,-15.79,0.14789,-12.377,-4.8866,-13.706,-15.492,23.742,1.3526,10.948,-2.4071,-2.6199,10.486,1.0889,1.1151,1.1453,1.1777,1.2135,1.2531,1.2959,1.3425,1.3939,1.4497,1.5092,1.5693,1.6259,18.662
110.95,-11.055,-0.8149,-8.4546,-3.6727,-8.4235,-11.856,20.373,1.7626,7.1733,-1.8707,2.3762,-0.59218,1.0634,1.0839,1.1081,1.1351,1.1662,1.2009,1.2397,1.2825,1.3286,1.3781,1.4303,1.4823,1.5292,18.662
111.77,-10.083,0.43696,-12.509,-5.6122,-10.746,-12.018,13.909,-3.1984,10.962,9.6331,-4.8166,2.58,1.0761,1.1011,1.1324,1.1667,1.2071,1.2523,1.3038,1.3616,1.426,1.4954,1.5677,1.6382,1.6973,18.662
117.27,-16.106,1.2082,-12.917,-7.3525,-11.003,-12.471,20.343,-2.8043,7.0655,0.56092,2.0125,17.362,1.0552,1.0776,1.1034,1.1326,1.166,1.2037,1.2464,1.2949,1.3497,1.4123,1.4838,1.5646,1.6512,18.662
112.9,-12.665,5.1479,-10.91,-7.1915,-11.954,-9.5933,13.184,-4.5979,8.5703,2.2415,7.1639,1.2152,1.0763,1.1025,1.1349,1.1706,1.2118,1.2576,1.309,1.366,1.4293,1.5001,1.5784,1.6626,1.7373,17.364
116.49,-15.455,0.71063,-16.619,-1.3321,-15.798,-13.306,18.081,3.8419,13.441,4.2292,1.8363,12.083,1.0822,1.1143,1.1503,1.1922,1.2393,1.2933,1.3555,1.4256,1.5056,1.5943,1.6833,1.7576,1.8063,17.364
108.26,-11.862,-0.36469,-7.3328,-1.7759,-5.9528,-8.3959,13.709,0.38203,9.6586,1.8882,5.9959,0.34138,1.087,1.1143,1.1462,1.1817,1.2205,1.2637,1.3109,1.3622,1.4173,1.4745,1.5299,1.5808,1.6223,17.364
109.03,-11.299,3.178,-10.126,-8.5109,-8.6721,-4.1158,10.185,-4.8561,13.839,6.9149,4.502,-8.5882,1.0703,1.093,1.1179,1.1459,1.1775,1.2132,1.2537,1.2993,1.3494,1.4044,1.4639,1.5267,1.5862,17.364
120.37,-16.113,2.1813,-10.574,-9.197,-14.098,-9.2889,23.652,-1.5298,6.9428,-0.84243,-0.364,9.5556,1.0871,1.1186,1.1541,1.1942,1.2405,1.2938,1.3558,1.4279,1.512,1.6099,1.7141,1.7984,1.8413,17.364
119.4,-17.264,-1.7055,-15.063,-12.098,-13.973,-12.523,25.273,6.0292,10.127,1.2772,2.7185,11.092,1.0617,1.0853,1.1112,1.1419,1.1755,1.2144,1.2574,1.3063,1.3617,1.4248,1.4965,1.5775,1.6631,17.364
109.48,-8.5577,0.06738,-6.6299,-8.6926,-9.4405,-8.7719,14.178,-0.6089,8.9935,0.61532,5.1856,-1.6358,1.0735,1.097,1.1218,1.1503,1.1813,1.2155,1.2523,1.2917,1.333,1.3755,1.4187,1.4608,1.4988,17.364
114.56,-13.949,6.3737,-9.5675,-4.3333,-16.116,-13.751,15.631,-0.7456,5.5274,-0.40801,5.0481,4.5354,1.0809,1.1103,1.1454,1.1857,1.232,1.2845,1.3444,1.4137,1.4933,1.5838,1.6769,1.7522,1.8013,17.364
118.23,-17.612,4.6812,-15.564,-5.6764,-11.233,-17.853,15.497,4.1857,6.5019,8.9075,1.7958,8.3744,1.0748,1.1032,1.1369,1.1758,1.2206,1.2718,1.3307,1.3975,1.474,1.5608,1.6551,1.7467,1.8147,17.364
115.69,-14.567,3.371,-12.114,-5.8054,-4.6982,-14.489,10.162,-1.9962,10.33,6.1547,9.2049,1.4204,1.0673,1.0922,1.1194,1.1513,1.1863,1.2257,1.2692,1.3178,1.3718,1.4316,1.4979,1.5709,1.6456,17.364
107.99,-11.801,2.5815,-10.037,-5.3303,-7.4114,-9.1693,13.275,-1.3546,7.4522,2.9588,5.1291,-2.6081,1.0784,1.1045,1.1345,1.1686,1.2072,1.2515,1.3012,1.3585,1.4221,1.4927,1.5694,1.6499,1.7234,17.364
121.42,-16.761,1.5686,-13.12,-8.7809,-17.663,-13.232,21.762,2.9811,8.5212,-2.5557,-0.26094,13.504,1.0748,1.1029,1.1337,1.1702,1.2106,1.2571,1.3089,1.367,1.4308,1.5004,1.5743,1.6484,1.7099,17.364
110.42,-11.887,-0.76261,-11.03,-4.5351,-9.2175,-11.579,18.71,6.0696,8.5241,-3.0947,2.2001,2.0462,1.0713,1.0954,1.1213,1.1507,1.1832,1.2195,1.2602,1.3049,1.3539,1.4069,1.4636,1.5218,1.5764,17.364
111.28,-11.113,1.5304,-11.767,-8.6464,-8.1366,-10.273,12.187,0.63547,14.658,4.7944,-2.3841,2.4333,1.0812,1.1076,1.1372,1.1717,1.2111,1.2556,1.3062,1.3636,1.4285,1.4995,1.5734,1.6442,1.703,17.364
115.96,-15.839,2.2839,-12.257,-4.1087,-10.088,-11.902,19.886,-1.3453,6.0707,2.638,0.13588,13.631,1.0653,1.089,1.1156,1.147,1.1817,1.222,1.2665,1.3168,1.3733,1.4376,1.5107,1.5927,1.6756,17.364
112.11,-13.615,4.9274,-8.7739,-2.9516,-12.671,-11.726,14.861,-2.3086,10.121,3.3474,1.2552,0.40454,1.083,1.1103,1.1415,1.1782,1.2198,1.2678,1.3222,1.3839,1.4539,1.532,1.6148,1.6963,1.7588,20.998
116.27,-16.82,1.2786,-15.243,-2.9235,-17.77,-12.54,17.618,7.2018,8.5519,3.6537,3.2756,12.529,1.0845,1.1148,1.1504,1.1901,1.2362,1.2893,1.3512,1.4229,1.5063,1.6031,1.7053,1.7889,1.8396,20.998
109.17,-12.183,-0.18245,-8.1323,-2.841,-9.4253,-11.257,13.243,1.2891,10.01,0.9989,5.2205,-0.48359,1.1025,1.1331,1.1658,1.2018,1.2422,1.2865,1.3353,1.3897,1.4484,1.5124,1.5758,1.6317,1.6751,20.998
110.26,-11.842,0.90847,-8.2679,-7.3476,-8.4467,-7.1541,13.691,2.1158,18.028,1.6458,2.4901,-7.6469,1.0746,1.0992,1.1255,1.1555,1.1884,1.2253,1.2665,1.312,1.3623,1.4174,1.4766,1.5359,1.5886,20.998
120.75,-15.692,2.18,-9.8177,-9.8173,-10.53,-11.765,24.819,-4.5422,9.292,-2.4169,1.4882,11.521,1.0821,1.112,1.1479,1.188,1.235,1.2891,1.3523,1.4254,1.5099,1.6066,1.7078,1.7972,1.8515,20.998
121.84,-16.161,0.10292,-12.873,-13.014,-8.8033,-14.582,24.78,0.077631,11.021,-3.8423,2.7732,8.3083,1.0542,1.0773,1.102,1.1321,1.1651,1.2035,1.2466,1.2956,1.3518,1.416,1.4907,1.5784,1.6791,20.998
110.33,-9.1582,0.36926,-10.402,-6.2651,-3.8072,-7.5547,16.802,-0.56467,6.8341,-0.61846,1.59,-0.8987,1.0737,1.0975,1.1247,1.1555,1.1901,1.2284,1.2708,1.3178,1.3685,1.422,1.4765,1.5277,1.5723,20.998
114.12,-13.364,3.5348,-9.6535,-6.0632,-10.915,-13.683,17.701,-1.4346,6.2088,-1.0751,0.57827,11.79,1.0725,1.1002,1.1301,1.1638,1.202,1.2452,1.2937,1.3486,1.4098,1.4773,1.549,1.6227,1.6893,20.998
116.51,-17.839,2.8206,-14.306,-5.2045,-11.944,-19.008,13.458,6.9311,3.9351,4.6678,2.635,5.505,1.0773,1.1053,1.1399,1.1792,1.2254,1.2781,1.3392,1.4091,1.4901,1.5842,1.6861,1.7797,1.8415,20.998
114.03,-14.447,3.6051,-11.464,-7.2291,-7.976,-10.071,7.5342,-0.17496,10.067,3.7763,4.4854,1.5367,1.0838,1.1153,1.1497,1.1901,1.2359,1.2888,1.3486,1.4168,1.4931,1.5753,1.6551,1.7218,1.7671,20.998
106.71,-12.001,2.3855,-8.2711,-5.3666,-9.1571,-7.4199,13.762,1.6518,8.5404,3.7988,4.5126,-2.5021,1.0768,1.1041,1.1356,1.1708,1.2122,1.2574,1.3096,1.368,1.4317,1.501,1.5746,1.6503,1.7214,20.998
121.96,-16.475,0.23353,-12.795,-8.4744,-14.884,-12.718,24.002,0.28676,10.84,-0.11841,-1.0345,11.095,1.068,1.0912,1.1196,1.1515,1.1876,1.2279,1.2733,1.3239,1.3809,1.4439,1.5132,1.588,1.6615,20.998
112.15,-12.013,-1.7517,-11.768,-5.4045,-9.6605,-11.347,21.799,1.3343,7.7595,-1.0818,1.6708,3.4694,1.0621,1.0845,1.1095,1.1382,1.1708,1.2074,1.2481,1.2934,1.3427,1.3956,1.4511,1.5048,1.5515,20.998
112.02,-11.487,0.84215,-10.15,-7.1241,-8.5521,-9.1647,12.672,1.7598,13.89,6.6672,0.51087,-4.9485,1.0729,1.1016,1.1332,1.1699,1.211,1.2578,1.3103,1.369,1.4335,1.5035,1.5774,1.6512,1.7136,20.998
117.36,-16.463,1.6913,-13.143,-4.3044,-8.2897,-13.586,16.733,1.0975,7.9225,3.4403,1.4033,8.7615,1.0588,1.0834,1.1101,1.1413,1.1767,1.2166,1.262,1.3131,1.3708,1.4364,1.5107,1.5935,1.6779,20.998
110.34,-13.809,4.7049,-11.196,-4.904,-8.9405,-10.09,12.651,-3.5447,7.7536,7.5258,-0.062063,1.6399,1.0787,1.1065,1.1389,1.1747,1.2161,1.2623,1.3141,1.3718,1.435,1.5037,1.5767,1.6491,1.7091,16.647
118.24,-15.684,2.2192,-14.391,-3.2887,-14.881,-10.603,16.222,4.356,8.3631,4.0188,0.18333,7.633,1.0851,1.1166,1.1522,1.1923,1.2385,1.2901,1.3491,1.4161,1.4906,1.5729,1.6598,1.7414,1.7992,16.647
108.94,-10.932,0.34882,-12.575,-3.1155,-5.2608,-11.669,11.573,1.593,7.2221,-0.28225,8.0257,2.1369,1.0877,1.1171,1.1501,1.188,1.2298,1.2767,1.3291,1.3883,1.4546,1.5265,1.598,1.6613,1.7072,16.647
111.1,-9.9932,2.1717,-13.568,-5.7175,-4.9697,-10.872,12.472,2.7236,10.814,4.719,4.4891,-7.5778,1.0711,1.0949,1.1204,1.1486,1.1801,1.2157,1.2555,1.3003,1.3504,1.4053,1.4647,1.5258,1.5815,16.647
120.13,-15.769,1.9391,-11.151,-7.7104,-12.961,-9.5629,20.642,-2.6766,7.362,1.019,1.266,11.604,1.0859,1.1166,1.1505,1.1891,1.2325,1.2824,1.3399,1.4048,1.478,1.5577,1.641,1.717,1.7686,16.647
121.57,-16.56,0.5083,-13.754,-11.748,-14.705,-12.655,22.071,2.493,7.8534,0.61425,2.2645,11.234,1.0665,1.0885,1.1162,1.1462,1.1812,1.2197,1.2635,1.312,1.367,1.4289,1.4995,1.5787,1.6608,16.647
110.39,-10.13,-1.2227,-8.2814,-6.698,-9.0631,-7.5414,16.362,-2.2537,11.382,3.7301,1.7379,-1.3902,1.0714,1.096,1.1237,1.1557,1.1913,1.2319,1.2768,1.3261,1.3799,1.4353,1.4902,1.5416,1.5867,16.647
117.32,-15.09,3.954,-11.794,-4.3758,-13.969,-15.028,14.765,0.26103,7.4694,1.2833,-1.9982,9.1632,1.0659,1.0904,1.1194,1.1526,1.1904,1.233,1.282,1.3364,1.3977,1.4656,1.5404,1.6197,1.6921,16.647
117.15,-16.953,2.6699,-13.72,-5.3912,-8.1275,-19.504,11.197,9.1065,10.812,1.956,1.5274,1.3634,1.079,1.1078,1.1419,1.181,1.2259,1.278,1.3378,1.4064,1.486,1.5772,1.6773,1.7655,1.822,16.647
112.67,-14.243,3.452,-11.676,-7.4255,-8.5567,-12.405,10.849,3.5402,8.1022,7.1388,5.5386,-1.8375,1.0737,1.1008,1.13,1.1644,1.2026,1.246,1.2949,1.3491,1.408,1.4709,1.536,1.5991,1.6545,16.647
107.44,-10.723,2.4737,-10.362,-5.4286,-9.0045,-13.132,12.339,-0.14744,8.7665,5.0266,-0.83777,2.7393,1.0931,1.1221,1.1545,1.1921,1.2334,1.2805,1.3336,1.3923,1.4581,1.5305,1.6069,1.6832,1.7483,16.647
122.09,-16.758,-0.14317,-11.988,-10.107,-13.905,-14.48,25.705,0.88711,11.385,-2.6197,-1.689,11.118,1.0581,1.0812,1.1085,1.1395,1.1748,1.2141,1.259,1.3094,1.3665,1.4314,1.5052,1.589,1.6811,16.647
113.24,-11.599,-0.4329,-11.497,-7.1892,-7.5608,-14.004,24.518,2.179,7.8195,-5.2837,2.2821,5.0003,1.0648,1.0864,1.1112,1.1393,1.1712,1.2071,1.2481,1.2932,1.3425,1.3947,1.4485,1.5013,1.549,16.647
111.88,-10.791,0.26107,-11.855,-11.482,-9.0896,-8.7456,10.692,-1.2787,10.438,6.6993,3.6212,0.71343,1.0717,1.0973,1.1282,1.1621,1.2016,1.2452,1.295,1.3507,1.4113,1.4756,1.5413,1.6058,1.6613,16.647
117.28,-15.971,1.0645,-13.325,-4.4545,-10.356,-15.381,16.17,1.3675,5.0936,2.9789,2.8214,10.178,1.0608,1.0837,1.1103,1.1408,1.176,1.2156,1.2603,1.3111,1.3681,1.4325,1.5056,1.5867,1.6676,16.647
111.52,-12.667,2.5687,-10.353,-5.1971,-12.034,-9.2832,12.1,0.93374,4.2551,6.9975,1.6058,0.21558,1.0716,1.0967,1.1275,1.1619,1.2016,1.2459,1.2961,1.352,1.4145,1.4822,1.553,1.6208,1.6773,36.719
118.41,-16.107,2.335,-14.386,-2.1133,-17.64,-10.93,17.401,5.0421,4.7819,3.1543,-3.7097,9.1861,1.0856,1.1155,1.15,1.1901,1.2361,1.2885,1.3486,1.4182,1.496,1.5771,1.6581,1.7322,1.7816,36.719
109.45,-11.058,-0.7596,-9.7111,-0.43421,-11.352,-10.536,16.452,1.3596,10.14,2.3358,2.7404,1.62,1.0968,1.1293,1.1655,1.2064,1.2517,1.3024,1.3587,1.4217,1.4922,1.5671,1.64,1.6974,1.732,36.719
112.72,-10.56,1.2636,-12.174,-6.69,-10.952,-10.712,10.643,-4.3972,15.101,5.2528,-1.7704,-1.5725,1.0687,1.0919,1.1196,1.1497,1.1847,1.223,1.2659,1.3136,1.3657,1.422,1.481,1.54,1.592,36.719
119.38,-16.023,1.6478,-10.426,-9.0585,-10.392,-13.133,21.748,-3.7127,9.1807,-1.8194,0.41157,11.798,1.0792,1.1079,1.1407,1.179,1.2225,1.2732,1.3314,1.3982,1.4735,1.5554,1.6405,1.7193,1.7746,36.719
122.43,-16.136,-1.501,-12.588,-14.886,-9.3655,-18.125,21.181,0.37292,11.108,-1.5231,0.47796,9.7509,1.0557,1.0775,1.1025,1.1316,1.1644,1.202,1.2444,1.2927,1.3475,1.4104,1.4835,1.5685,1.6651,36.719
111.06,-10.075,-0.2098,-6.3539,-9.4811,-7.6568,-11.184,12.796,2.4271,11.549,-0.36023,2.6495,-0.046556,1.0698,1.0931,1.1196,1.15,1.1838,1.2226,1.2661,1.3143,1.3672,1.4238,1.4815,1.5381,1.5883,36.719
115.81,-13.215,3.1029,-8.7885,-6.2701,-13.598,-15.228,16.299,0.056833,9.4159,-0.66444,1.7426,6.3719,1.0739,1.1,1.1314,1.1658,1.2051,1.2495,1.299,1.3542,1.4158,1.4833,1.5533,1.621,1.6779,36.719
115.46,-15.479,0.99713,-12.196,-3.8406,-9.8057,-18.96,13.145,5.9168,9.1967,2.8152,6.9049,-1.3217,1.0783,1.107,1.1406,1.1792,1.2236,1.2742,1.3328,1.4005,1.4792,1.5687,1.6654,1.7519,1.8097,36.719
113.03,-12.719,2.5113,-9.21,-8.811,-8.5626,-6.8945,6.9505,2.0156,10.938,1.8522,1.2028,0.5612,1.0741,1.099,1.126,1.1566,1.1904,1.2285,1.2699,1.3149,1.3635,1.4146,1.4665,1.5158,1.5587,36.719
106.74,-10.164,2.3423,-8.6964,-6.7324,-13.145,-14.606,9.3117,4.9285,9.6646,2.3333,3.5757,-3.3539,1.099,1.1305,1.1638,1.2011,1.2423,1.2887,1.3416,1.4001,1.465,1.5335,1.6027,1.6643,1.7074,36.719
